1.0 0.0015 0.0
0.9500000000000001 0.028999999999999998 0.0
0.9 0.0517 0.0
0.8 0.08449999999999999 0.0
0.7000000000000001 0.1091 0.0
0.6 0.1276 0.0
0.5 0.1394 0.0
0.4 0.1438 0.0
0.3 0.1402 0.0
0.2 0.126 0.0
0.15 0.1134 0.0
0.1 0.09550000000000002 0.0
0.075 0.0839 0.0
0.05 0.0698 0.0
0.025 0.0514 0.0
0.0125 0.039 0.0
0.0 0.0134 0.0
0.0 0.0134 0.0
0.0125 -0.0062 0.0
0.025 -0.011399999999999999 0.0
0.05 -0.016 0.0
0.075 -0.0177 0.0
0.1 -0.0182 0.0
0.15 -0.0174 0.0
0.2 -0.0154 0.0
0.3 -0.009000000000000001 0.0
0.4 -0.0005 0.0
0.5 0.0094 0.0
0.6 0.020800000000000003 0.0
0.7000000000000001 0.0319 0.0
0.8 0.0396 0.0
0.9 0.0351 0.0
0.9500000000000001 0.0227 0.0
1.0 0.0005 0.0
