0.47967108834109773 0.08756062949830652 0.0
0.4765512265458033 0.08650612336469675 0.0
0.4734272277548591 0.08546393392666692 0.0
0.47029902793283174 0.0844344209306814 0.0
0.4671668516172408 0.08341707249541042 0.0
0.46403059194111884 0.08241238083523175 0.0
0.46089052195230573 0.08141966050098093 0.0
0.4577465728397748 0.08043929510509458 0.0
0.45459892769279864 0.07947086049644049 0.0
0.45144767638208505 0.07851422545465515 0.0
0.4482926882527637 0.07756998757677692 0.0
0.44513418027624574 0.07663758980678621 0.0
0.44197228601455196 0.0757167398221612 0.0
0.43880687553974906 0.07480805192087332 0.0
0.4356381594895925 0.0739109553847014 0.0
0.43246613113313404 0.0730256459055638 0.0
0.42929080723795054 0.07215222542872014 0.0
0.42611237452480555 0.07129018828137315 0.0
0.4229307733863139 0.07043991977597061 0.0
0.4197460250843257 0.06960151558839227 0.0
0.4165582775745551 0.06877458606403382 0.0
0.41336751681778894 0.06795936240098854 0.0
0.41017378573710517 0.06715585101446862 0.0
0.4069771769866475 0.06636386757299736 0.0
0.403777711395137 0.06558350378835362 0.0
0.4005753924019143 0.06481493249340001 0.0
0.3973702450971836 0.06405824357243965 0.0
0.39416234764877706 0.06331329676423766 0.0
0.3909517878068827 0.06257990959521034 0.0
0.38773850304982865 0.061858559671769175 0.0
0.38452255974793254 0.06114914841236562 0.0
0.38130405313350596 0.0604514606341732 0.0
0.37808291408146094 0.05976603268651242 0.0
0.3748592219818815 0.059092707100533666 0.0
0.37163304709843936 0.058431384377193404 0.0
0.36840434769154173 0.05778250020911173 0.0
0.36517321231892247 0.05714585059947177 0.0
0.36193968036585966 0.056521491125706674 0.0
0.35870368792458923 0.05591001144324474 0.0
0.35546531360141204 0.055311269038712293 0.0
0.3522246284746554 0.05472516721153677 0.0
0.3489816319372415 0.05415199269089857 0.0
0.3457363458106726 0.05359192218902482 0.0
0.34248880025478307 0.05304510782883848 0.0
0.33923902127886896 0.05251172590116138 0.0
0.3359870501934141 0.051991874734773375 0.0
0.3327329255920459 0.05148568004179292 0.0
0.329476668240321 0.05099338759783226 0.0
0.3262182887746192 0.050515344739569305 0.0
0.32295781964349657 0.05005176997669022 0.0
0.31969534378811015 0.04960252368264643 0.0
0.31643087984632595 0.04916797171826803 0.0
0.31316442205770273 0.04874866423203619 0.0
0.3098960450267097 0.04834458398482154 0.0
0.3066257986082219 0.04795592918546493 0.0
0.30335370491632085 0.04758313999455276 0.0
0.30007981076462964 0.04722650322318542 0.0
0.2968041710793283 0.046886279286867456 0.0
0.2935268369812476 0.04656280732583633 0.0
0.2902478141282743 0.04625681093186034 0.0
0.2869669086301997 0.045971781862842856 0.0
0.28368378232554625 0.04571357341852344 0.0
0.28039860230268127 0.04548281882744929 0.0
0.27711164577760233 0.045279034367059774 0.0
0.2738230931651129 0.045102849670426395 0.0
0.27053315080354956 0.044954852181534874 0.0
0.2672420445301843 0.044835520199286806 0.0
0.26395001133660356 0.04474527204415718 0.0
0.26065729978878993 0.04468469038761537 0.0
0.25736417032655184 0.0446542964223042 0.0
0.2540709005317522 0.044654492138649804 0.0
0.2507777814910701 0.044685947673350955 0.0
0.24748512293407132 0.04474937486795473 0.0
0.2441932547865539 0.044845448714496396 0.0
0.24090252956917244 0.04497488387389947 0.0
0.23761332768582819 0.04513850496908292 0.0
0.23432605739636703 0.04533719207683083 0.0
0.23104115738397202 0.04557183173902191 0.0
0.22775910374687064 0.045843385326237135 0.0
0.22448040157724303 0.046152799033686374 0.0
0.22120563649391595 0.04650140242040539 0.0
0.21793547125816348 0.04689080178201152 0.0
0.21467054223682774 0.047321914752958105 0.0
0.21141167751363188 0.04779667214991579 0.0
0.20815974824155248 0.04831683721396927 0.0
0.2049158070028877 0.048884661174250915 0.0
0.20168103459268155 0.049502596325583306 0.0
0.19845673003464456 0.050172985159918346 0.0
0.19524460932701648 0.05089951373728195 0.0
0.19204658288417897 0.05168574266472584 0.0
0.18886523643463882 0.05253694111404081 0.0
0.18570361413133551 0.05345868144861225 0.0
0.1825656441843489 0.054457948491528296 0.0
0.17945677551624742 0.0555443249661514 0.0
0.17638462327837062 0.056730479580733205 0.0
0.173360045498432 0.05803305842141955 0.0
0.17040049522365708 0.05947705370509096 0.0
0.1675351081796793 0.06109945437787445 0.0
0.16481939132266485 0.06296047193516091 0.0
0.16237666319659497 0.06516435517622837 0.0
0.16053984846108307 0.06788146417285212 0.0
0.16016102071927568 0.0711040794450432 0.0
0.16174833065371083 0.07394284997698956 0.0
0.16437804100255549 0.07590919922484286 0.0
0.16736146494801857 0.07729824833343428 0.0
0.17048436052417526 0.07834132937397352 0.0
0.1736741356803239 0.07915916557906608 0.0
0.17690063994925556 0.07981821487345554 0.0
0.1801491138019975 0.08035904664201142 0.0
0.18341153383490405 0.08080840242057707 0.0
0.18668320383733453 0.08118468971933086 0.0
0.18996115953281906 0.08150167540303888 0.0
0.1932435050756716 0.08176945485417506 0.0
0.19652899518996902 0.08199546650214214 0.0
0.19981669919174674 0.08218660244408452 0.0
0.20310601745893497 0.08234761505917826 0.0
0.2063964988656165 0.08248280173073157 0.0
0.20968781041961246 0.08259598498992649 0.0
0.2129797234774115 0.08269006628682268 0.0
0.2162720667491795 0.08276765979143201 0.0
0.21956471215011614 0.08283114224956152 0.0
0.22285757129668216 0.08288233463515567 0.0
0.22615057349513565 0.08292328290029609 0.0
0.22944367164916096 0.08295564387477972 0.0
0.23273683272282633 0.08298075718555165 0.0
0.2360300333294204 0.08299998622913352 0.0
0.23932325722333794 0.08301465597111535 0.0
0.24261649523077933 0.08302574243698657 0.0
0.2459097404538702 0.08303437388397765 0.0
0.2492029895137639 0.08304140964894473 0.0
0.25249623990090436 0.08304772305340456 0.0
0.2557894897007178 0.08305442675401338 0.0
0.25908273783056196 0.08306194495546787 0.0
0.26237598156799724 0.08307109389791528 0.0
0.2656692177077192 0.08308274183551512 0.0
0.2689624426326168 0.08309717790321179 0.0
0.27225564975211336 0.08311524934920538 0.0
0.27554883048472995 0.08313763963703902 0.0
0.2788419763244733 0.08316463947194483 0.0
0.28213507830925055 0.08319668889193992 0.0
0.28542811140088636 0.08323502383243397 0.0
0.2887210727083116 0.08327912471004915 0.0
0.29201403024025163 0.08332353608760007 0.0
0.29530701404458526 0.08336591145786461 0.0
0.29860002494029597 0.08340613736421668 0.0
0.30189305970608094 0.08344435475923695 0.0
0.30518611260383766 0.08348097273526314 0.0
0.3084791780266004 0.08351645291148241 0.0
0.3117722524916493 0.08355110631587633 0.0
0.3150653324658318 0.08358518379531087 0.0
0.318358416498026 0.08361889035479243 0.0
0.3216515027789344 0.08365240114767128 0.0
0.32494458720355696 0.08368605741877248 0.0
0.32823766711890245 0.08372017270694329 0.0
0.3315307414160652 0.08375480485742298 0.0
0.33482380863346395 0.08379013461742604 0.0
0.3381168652554204 0.08382643084341455 0.0
0.3414099079698491 0.08386394016404333 0.0
0.34470293519983164 0.08390280884122975 0.0
0.34799594445258164 0.0839431639266313 0.0
0.35128893266007793 0.08398521070581691 0.0
0.3545818986377315 0.08402895955340804 0.0
0.3578748406251967 0.08407449297354437 0.0
0.361167750510077 0.08412226536279058 0.0
0.3644606303332691 0.08417209103428154 0.0
0.3677534795957468 0.08422388779485737 0.0
0.37104628553934776 0.08427835766049596 0.0
0.37433905160648756 0.08433520871529882 0.0
0.37763177774821766 0.08439431960639428 0.0
0.38092445100640304 0.08445628610729283 0.0
0.3842170778402024 0.08452070982445625 0.0
0.3875096528267734 0.08458769423188242 0.0
0.39080216446817323 0.08465774609752334 0.0
0.39409461758546804 0.08473049217016632 0.0
0.39738701040006874 0.08480591135822191 0.0
0.40067933908703157 0.08488408276030994 0.0
0.403971600288908 0.08496504598299452 0.0
0.4072637826702512 0.08504915794937495 0.0
0.4105558938029815 0.08513601737619012 0.0
0.41384793490962124 0.08522547864946302 0.0
0.4171398930063429 0.08531795460264652 0.0
0.42043176307095764 0.08541350437875302 0.0
0.4237235596119018 0.08551155153750403 0.0
0.4270152721743281 0.08561238728442216 0.0
0.43030689506639097 0.08571610799770223 0.0
0.43359842790836367 0.08582264755084676 0.0
0.4368898775213641 0.08593172293058568 0.0
0.4401812415916484 0.08604335382841347 0.0
0.4434725156407089 0.08615760735631778 0.0
0.4467637046500832 0.0862742784027139 0.0
0.45005480159244604 0.08639353162868227 0.0
0.4533458155793041 0.08651504031772875 0.0
0.45663674747394667 0.08663875742560187 0.0
0.4599275924083569 0.08676476972524864 0.0
0.4632183677536541 0.08689257455436197 0.0
0.46650905822933064 0.08702255519754011 0.0
0.46979966744659496 0.08715458160539093 0.0
0.47309021068704615 0.08728823378642778 0.0
0.47638067644536664 0.08742378018992927 0.0
0.47967108834109773 0.08756062949830652 0.0
