1.00000000e+00 -7.26992537e-19
9.91178229e-01 5.65922800e-03
9.82245575e-01 1.11365716e-02
9.73207072e-01 1.64342889e-02
9.64067756e-01 2.15546377e-02
9.54832664e-01 2.64998762e-02
9.45506832e-01 3.12722622e-02
9.36095295e-01 3.58740538e-02
9.26603090e-01 4.03075090e-02
9.17035251e-01 4.45748857e-02
9.07396816e-01 4.86784419e-02
8.97692820e-01 5.26204528e-02
8.87928208e-01 5.64055477e-02
8.78107750e-01 6.00430929e-02
8.68236190e-01 6.35430227e-02
8.58318276e-01 6.69152713e-02
8.48358754e-01 7.01697729e-02
8.38362369e-01 7.33164619e-02
8.28333870e-01 7.63652723e-02
8.18278001e-01 7.93261386e-02
8.08199510e-01 8.22089948e-02
7.98103137e-01 8.50237644e-02
7.87992333e-01 8.77776663e-02
7.77867572e-01 9.04716743e-02
7.67728906e-01 9.31058833e-02
7.57576388e-01 9.56803884e-02
7.47410073e-01 9.81952845e-02
7.37230013e-01 1.00650667e-01
7.27036261e-01 1.03046630e-01
7.16828871e-01 1.05383270e-01
7.06607897e-01 1.07660680e-01
6.96373392e-01 1.09878948e-01
6.86125498e-01 1.12037688e-01
6.75864478e-01 1.14135825e-01
6.65590606e-01 1.16172229e-01
6.55304158e-01 1.18145771e-01
6.45005406e-01 1.20055319e-01
6.34694626e-01 1.21899745e-01
6.24372092e-01 1.23677917e-01
6.14038078e-01 1.25388707e-01
6.03692858e-01 1.27030984e-01
5.93336713e-01 1.28603613e-01
5.82970003e-01 1.30105414e-01
5.72593144e-01 1.31535169e-01
5.62206552e-01 1.32891662e-01
5.51810643e-01 1.34173677e-01
5.41405834e-01 1.35379997e-01
5.30992541e-01 1.36509405e-01
5.20571181e-01 1.37560685e-01
5.10142169e-01 1.38532621e-01
4.99705923e-01 1.39423996e-01
4.89262900e-01 1.40233789e-01
4.78813712e-01 1.40961705e-01
4.68359008e-01 1.41607612e-01
4.57899435e-01 1.42171379e-01
4.47435639e-01 1.42652875e-01
4.36968270e-01 1.43051969e-01
4.26497974e-01 1.43368531e-01
4.16025400e-01 1.43602429e-01
4.05551194e-01 1.43753533e-01
3.95076007e-01 1.43821661e-01
3.84600575e-01 1.43805303e-01
3.74125723e-01 1.43701511e-01
3.63652282e-01 1.43507265e-01
3.53181082e-01 1.43219545e-01
3.42712956e-01 1.42835331e-01
3.32248732e-01 1.42351604e-01
3.21789241e-01 1.41765343e-01
3.11335315e-01 1.41073529e-01
3.00887784e-01 1.40273142e-01
2.90447700e-01 1.39360989e-01
2.80017264e-01 1.38332987e-01
2.69599043e-01 1.37184765e-01
2.59195608e-01 1.35911953e-01
2.48809527e-01 1.34510179e-01
2.38443370e-01 1.32975072e-01
2.28099706e-01 1.31302263e-01
2.17781104e-01 1.29487380e-01
2.07490133e-01 1.27526052e-01
1.97229370e-01 1.25413896e-01
1.87002146e-01 1.23145307e-01
1.76813176e-01 1.20712433e-01
1.66667325e-01 1.18107183e-01
1.56569458e-01 1.15321464e-01
1.46524462e-01 1.12347185e-01
1.36538473e-01 1.09176255e-01
1.26619499e-01 1.05800588e-01
1.16775699e-01 1.02212097e-01
1.07015232e-01 9.84026962e-02
9.73462886e-02 9.43643026e-02
8.77800597e-02 9.00891580e-02
7.83331668e-02 8.55700927e-02
6.90225592e-02 8.07980462e-02
5.98620777e-02 7.57392593e-02
5.08634314e-02 7.03430362e-02
4.20539432e-02 6.45642168e-02
3.35448294e-02 5.83890774e-02
2.54752900e-02 5.18143804e-02
1.79182571e-02 4.47681048e-02
1.06351958e-02 3.68501561e-02
4.08886746e-03 2.78444577e-02
2.57443957e-04 1.80734947e-02
1.18317972e-03 7.95928665e-03
6.85718294e-03 -1.31439375e-03
1.54145926e-02 -7.89584056e-03
2.52500377e-02 -1.14686843e-02
3.54570343e-02 -1.38310803e-02
4.58094945e-02 -1.54930498e-02
5.62304729e-02 -1.66113578e-02
6.66791511e-02 -1.73285304e-02
7.71427229e-02 -1.77759000e-02
8.76119400e-02 -1.80528062e-02
9.80837781e-02 -1.81887799e-02
1.08556208e-01 -1.82036763e-02
1.19028359e-01 -1.81147460e-02
1.29499856e-01 -1.79381266e-02
1.39970324e-01 -1.76899515e-02
1.50439391e-01 -1.73863541e-02
1.60906752e-01 -1.70404854e-02
1.71372341e-01 -1.66549760e-02
1.81836147e-01 -1.62301383e-02
1.92298160e-01 -1.57662844e-02
2.02758367e-01 -1.52637309e-02
2.13216761e-01 -1.47232641e-02
2.23673338e-01 -1.41465486e-02
2.34128093e-01 -1.35353453e-02
2.44581025e-01 -1.28914152e-02
2.55032130e-01 -1.22165194e-02
2.65481405e-01 -1.15124187e-02
2.75928846e-01 -1.07808741e-02
2.86374451e-01 -1.00236467e-02
2.96818215e-01 -9.24249735e-03
3.07260142e-01 -8.43914647e-03
3.17700287e-01 -7.61488786e-03
3.28138739e-01 -6.77076055e-03
3.38575587e-01 -5.90780012e-03
3.49010920e-01 -5.02704218e-03
3.59444828e-01 -4.12952232e-03
3.69877398e-01 -3.21627615e-03
3.80308721e-01 -2.28833925e-03
3.90738886e-01 -1.34674723e-03
4.01167981e-01 -3.92535177e-04
4.11596039e-01 5.73746858e-04
4.22022928e-01 1.55294051e-03
4.32448488e-01 2.54613546e-03
4.42872560e-01 3.55442136e-03
4.53294983e-01 4.57888789e-03
4.63715597e-01 5.62062470e-03
4.74134242e-01 6.68072147e-03
4.84550757e-01 7.76026786e-03
4.94964983e-01 8.86035354e-03
5.05376771e-01 9.98198113e-03
5.15786221e-01 1.11242977e-02
5.26193673e-01 1.22846725e-02
5.36599474e-01 1.34604036e-02
5.47003972e-01 1.46487888e-02
5.57407517e-01 1.58471261e-02
5.67810457e-01 1.70527134e-02
5.78213140e-01 1.82628485e-02
5.88615914e-01 1.94748294e-02
5.99019127e-01 2.06859540e-02
6.09423094e-01 2.18935668e-02
6.19827936e-01 2.30952597e-02
6.30233716e-01 2.42887064e-02
6.40640496e-01 2.54715807e-02
6.51048335e-01 2.66415565e-02
6.61457297e-01 2.77963077e-02
6.71867441e-01 2.89335079e-02
6.82278829e-01 3.00508311e-02
6.92691523e-01 3.11459511e-02
7.03105589e-01 3.22165125e-02
7.13521537e-01 3.32578765e-02
7.23940631e-01 3.42615140e-02
7.34364207e-01 3.52185166e-02
7.44793601e-01 3.61199764e-02
7.55230152e-01 3.69569849e-02
7.65675196e-01 3.77206341e-02
7.76130069e-01 3.84020156e-02
7.86596109e-01 3.89922213e-02
7.97074653e-01 3.94823430e-02
8.07566563e-01 3.98626160e-02
8.18068149e-01 4.01150559e-02
8.28573186e-01 4.02170979e-02
8.39075418e-01 4.01461275e-02
8.49568592e-01 3.98795302e-02
8.60046454e-01 3.93946914e-02
8.70502749e-01 3.86689967e-02
8.80931225e-01 3.76798315e-02
8.91325627e-01 3.64045815e-02
9.01679694e-01 3.48206442e-02
9.11984758e-01 3.29098183e-02
9.22226176e-01 3.06648187e-02
9.32388396e-01 2.80800240e-02
9.42455866e-01 2.51498129e-02
9.52413033e-01 2.18685638e-02
9.62244346e-01 1.82306554e-02
9.71934251e-01 1.42304662e-02
9.81467197e-01 9.86237486e-03
9.90827631e-01 5.12075993e-03
1.00000000e+00 0.00000000e+00
