0.4796962096000943 0.08708128732162432 0.0
0.4769029790713686 0.08523720643413041 0.0
0.47408606108002604 0.08342624617529998 0.0
0.4712454496397258 0.08165036730298261 0.0
0.46838113972616036 0.07991153056135816 0.0
0.46549312567171286 0.07821169674100178 0.0
0.46258140149255433 0.07655282655182889 0.0
0.459645961842304 0.07493688076920602 0.0
0.456686800735458 0.07336582013500467 0.0
0.4537039131485465 0.07184160537742662 0.0
0.45069729309271656 0.0703661973022557 0.0
0.4476669435381473 0.06894153251098412 0.0
0.4446135155462203 0.06756769184432124 0.0
0.44153875558080125 0.06624161678553261 0.0
0.4384445176449271 0.06495994555043168 0.0
0.4353326541438275 0.06371931627109433 0.0
0.4322050184414161 0.06251636712983895 0.0
0.4290634635786962 0.061347736356148756 0.0
0.42590984260169473 0.06021006208363849 0.0
0.42274600855308964 0.0590999825098352 0.0
0.4195738151180308 0.05801413580184866 0.0
0.41639510977570493 0.056949168485448835 0.0
0.41321115528359986 0.0559027894603831 0.0
0.4100220565838546 0.05487480004260908 0.0
0.40682778466753855 0.053865246265003094 0.0
0.4036283102111843 0.05287417404782557 0.0
0.4004236042058614 0.05190162942395285 0.0
0.39721363699849266 0.050947658488634716 0.0
0.39399837928068304 0.050012306874526256 0.0
0.3907778020485265 0.04909562051863539 0.0
0.38755187562717397 0.048197645931641775 0.0
0.38432057246147366 0.04731843197838777 0.0
0.3810839103341867 0.04645815294840894 0.0
0.3778419672581894 0.04561714234163381 0.0
0.3745948251340556 0.0447957450771068 0.0
0.37134256493717005 0.04399430538450691 0.0
0.3680852689379103 0.0432131672409417 0.0
0.3648230187005414 0.042452675868269535 0.0
0.3615558958563183 0.04171317521010297 0.0
0.35828398166669195 0.04099501015199139 0.0
0.3550073584187877 0.04029852435148093 0.0
0.3517261088043887 0.039624065973473024 0.0
0.34844033212252024 0.038972014815376266 0.0
0.34515013714589526 0.03834277167919981 0.0
0.34185563269746894 0.03773673640826847 0.0
0.3385569275164591 0.03715431044371432 0.0
0.3352541307453826 0.036595893645609646 0.0
0.3319473511569521 0.036061886815963645 0.0
0.32863669817975094 0.035552690470719024 0.0
0.32532227994736906 0.03506870537838992 0.0
0.32200420558557563 0.034610331718610124 0.0
0.3186826038994114 0.03417789988530798 0.0
0.31535766681360455 0.03377150805759876 0.0
0.3120295996133511 0.03339120736935667 0.0
0.3086986075838472 0.03303704895445596 0.0
0.3053648960270363 0.03270908362720941 0.0
0.3020286705309284 0.03240736285780021 0.0
0.29869013639746694 0.032131937460541146 0.0
0.29534949860903414 0.0318828582329975 0.0
0.2920069624173308 0.0316601769481664 0.0
0.2886627337172576 0.031463963677785214 0.0
0.2853170219510958 0.03129473441036035 0.0
0.28197004123466746 0.03115344790579523 0.0
0.27862200602417997 0.031041080886424544 0.0
0.27527313006972776 0.03095861131933378 0.0
0.2719236281135848 0.030907016582728063 0.0
0.26857371360303145 0.030887274307383923 0.0
0.2652236012970892 0.030900361551945005 0.0
0.2618735049626 0.03094725596393537 0.0
0.25852363934183764 0.031028934921560114 0.0
0.2551742920674228 0.031146440186045052 0.0
0.2518261046573578 0.031301116935367926 0.0
0.2484798230615256 0.031494402659559335 0.0
0.24513619422198873 0.03172773425976943 0.0
0.24179596447518167 0.03200254796453051 0.0
0.23845987977098745 0.0323202812638731 0.0
0.23512868737103 0.032682371075694924 0.0
0.2318031329726208 0.03309025359503322 0.0
0.22848396346757993 0.033545366681722526 0.0
0.22517192783392975 0.03404915118888299 0.0
0.2218680042328004 0.034603468540529626 0.0
0.21857356883695359 0.035210907267471385 0.0
0.2152900378308811 0.03587413009625204 0.0
0.21201882711300823 0.03659579909754497 0.0
0.20876136181554739 0.03737857746682412 0.0
0.2055194765294148 0.038225147935749916 0.0
0.20229559316597895 0.039138224657021686 0.0
0.1990921791148194 0.04012052224411595 0.0
0.19591170201808716 0.041174756605502495 0.0
0.19275664031367823 0.04230364248506076 0.0
0.1896304607250838 0.043509839842461935 0.0
0.1865383548999958 0.04479591263737009 0.0
0.18348557106025856 0.04616506835223723 0.0
0.18047593816695134 0.047628424054958055 0.0
0.17751234158389617 0.04920235453889249 0.0
0.17460291064713226 0.0509016665447393 0.0
0.1717831281023489 0.05273252016211297 0.0
0.16909733867526666 0.05469827428989261 0.0
0.16656702411406876 0.05682365678057359 0.0
0.16410889118742802 0.05923290208624471 0.0
0.16187080660520414 0.06200150822797695 0.0
0.16049061944863116 0.06505923049944669 0.0
0.16062578594774618 0.06830518748026024 0.0
0.16228830248524267 0.07135953070265372 0.0
0.16491367334984233 0.07360046094155474 0.0
0.16799574681916285 0.07490400355643226 0.0
0.17121605994599257 0.07582864343814902 0.0
0.1744944499875458 0.07653228568916129 0.0
0.17780376050880842 0.07706364179286948 0.0
0.18112861236881747 0.07746748006063993 0.0
0.1844627282498208 0.0777854736186165 0.0
0.18780149728631657 0.07804915601637781 0.0
0.19114346106971927 0.07826789736813179 0.0
0.19448764017742154 0.07844799728826231 0.0
0.19783346768774518 0.07859494463667295 0.0
0.20118055430737125 0.07871388019659036 0.0
0.20452851084527643 0.07880994341075781 0.0
0.20787694874956034 0.07888827375541364 0.0
0.21122554973173066 0.0789530735477549 0.0
0.21457424846522816 0.07900519186047826 0.0
0.21792303622137826 0.07904472798884091 0.0
0.22127190426983165 0.07907178126005612 0.0
0.22462084349871175 0.07908645216696711 0.0
0.22796983865660148 0.07908898892354499 0.0
0.2313188603733044 0.07907992137480661 0.0
0.2346678782413216 0.07905981138736512 0.0
0.23801686154531604 0.07902922058739313 0.0
0.24136577988113822 0.07898871077759148 0.0
0.24471460252842686 0.07893884368000123 0.0
0.24806329940594352 0.07888018105015841 0.0
0.2514118397933268 0.0788132846101041 0.0
0.25476019296870817 0.07873871611063986 0.0
0.2581083307701894 0.07865702514147943 0.0
0.2614562490387371 0.07856862735058691 0.0
0.26480395918463306 0.07847385530770556 0.0
0.26815147236408055 0.07837304031634594 0.0
0.27149880005301164 0.07826651369357039 0.0
0.27484595340762935 0.07815460674288946 0.0
0.2781929439040334 0.07803765077816992 0.0
0.2815397826982593 0.07791597710611789 0.0
0.2848864812664068 0.07778991704060015 0.0
0.288233051088645 0.07765980181783005 0.0
0.2915794937309458 0.07752581555929634 0.0
0.29492578071027253 0.07738769466041114 0.0
0.2982718786965089 0.07724509068841592 0.0
0.30161775340113905 0.07709765515487717 0.0
0.3049633718137926 0.0769450396402687 0.0
0.3083086996455182 0.07678689566446559 0.0
0.3116537032468226 0.07662287477444665 0.0
0.3149983489682123 0.07645262851719072 0.0
0.31834260316036145 0.076275808436481 0.0
0.321686433814701 0.07609208979768092 0.0
0.3250298577729538 0.07590171987549953 0.0
0.328372942498335 0.07570553307220801 0.0
0.33171575694241445 0.07550439041966696 0.0
0.3350583703756538 0.07529915297926691 0.0
0.338400852065165 0.07509068187631074 0.0
0.34174327128140947 0.07487983817218896 0.0
0.34508569697528746 0.07466748291154465 0.0
0.34842819873514697 0.07445447720447201 0.0
0.3517708458297748 0.07424168214431771 0.0
0.35511369590044584 0.07402994834553056 0.0
0.35845674152467355 0.07382006555797234 0.0
0.36179995113492786 0.07361280121326456 0.0
0.365143292840768 0.07340892279019351 0.0
0.3684867353925507 0.07320919776908434 0.0
0.3718302472244207 0.07301439354960239 0.0
0.3751737964442624 0.07282527764249008 0.0
0.3785173514878952 0.07264261741545666 0.0
0.3818608807827649 0.07246718039599202 0.0
0.3852043537398072 0.0722997398028577 0.0
0.388547853735128 0.07214171298204532 0.0
0.39189168033861443 0.07199573599245851 0.0
0.39523615741494567 0.0718645805263729 0.0
0.39858160818465455 0.07175101833843754 0.0
0.4019283561911843 0.07165782113613672 0.0
0.405276725295865 0.07158776067565835 0.0
0.40862703872090406 0.07154360867969536 0.0
0.4119796196901834 0.07152813683898451 0.0
0.41533479270415596 0.07154411694320874 0.0
0.4186927324848606 0.07159456178554137 0.0
0.42205195514632354 0.07168519309882701 0.0
0.42540993195833554 0.07182343646004725 0.0
0.4287641174231762 0.07201674390089523 0.0
0.43211196635933646 0.07227256753372385 0.0
0.43545093422610537 0.07259835947242489 0.0
0.4387784758453235 0.07300157176543898 0.0
0.4420920457159204 0.07348965650837147 0.0
0.44538909898097323 0.0740700657344544 0.0
0.4486670905695066 0.07475024944693509 0.0
0.4519232865796885 0.0755355438455231 0.0
0.4551544117065336 0.07642521093460274 0.0
0.458357093977372 0.07741742847744776 0.0
0.4615279607887851 0.07851037404405625 0.0
0.4646636408089003 0.07970222539924088 0.0
0.4677607611097133 0.08099116019212062 0.0
0.4708159503643762 0.08237535609163972 0.0
0.4738258362823323 0.08385299081236833 0.0
0.4767870468971086 0.08542224199934248 0.0
0.4796962096000943 0.08708128732162432 0.0
