0.5751200305266261 0.1503469639742527 0.0
0.5741583428326451 0.1494270659021502 0.0
0.5732136571883611 0.14848971628295343 0.0
0.5722617731242912 0.14755967743770665 0.0
0.571289365957527 0.146651118228384 0.0
0.5702900664467774 0.14577222340403054 0.0
0.5692646532397205 0.14492394077584628 0.0
0.5682174098044261 0.1441027606869882 0.0
0.5671526292314004 0.14330445147011978 0.0
0.5660745317749443 0.14252421986421127 0.0
0.564986513491388 0.14175788328206312 0.0
0.5638901576640375 0.14100352315352083 0.0
0.5627866844663758 0.14025961305381648 0.0
0.5616770387495122 0.13952494171038823 0.0
0.5605616628527236 0.1387989996416816 0.0
0.5594409263198383 0.13808136106105326 0.0
0.5583151868339333 0.1373715962799286 0.0
0.5571847835499598 0.13666928318455865 0.0
0.5560500442147385 0.13597399755645273 0.0
0.5549112858952496 0.13528531411217534 0.0
0.5537687208897719 0.13460296466539973 0.0
0.5526224434459092 0.13392687043778986 0.0
0.5514725388626424 0.13325696393383832 0.0
0.5503190934889435 0.13259317249264435 0.0
0.5491622306813796 0.13193535484400287 0.0
0.5480021015325754 0.131283315178907 0.0
0.5468388544572004 0.13063685440332398 0.0
0.5456726310622886 0.12999577844364082 0.0
0.544503477450083 0.12936006212023643 0.0
0.5433313513991573 0.12872984310091704 0.0
0.5421562084619459 0.1281052678304181 0.0
0.54097800594114 0.1274864832660077 0.0
0.5397967163402628 0.126873612845551 0.0
0.5386123386420414 0.12626673158195176 0.0
0.5374248759558741 0.12566590885159484 0.0
0.5362343322839609 0.1250712146186702 0.0
0.5350407101298872 0.12448272372496662 0.0
0.533843996668995 0.12390054476419476 0.0
0.5326441738965068 0.12332480132251557 0.0
0.5314412251535165 0.12275561784947349 0.0
0.5302351359844455 0.12219311958272412 0.0
0.529025905200106 0.12163740709374356 0.0
0.5278135529065294 0.12108853802975232 0.0
0.5265981018478187 0.12054656545059166 0.0
0.5253795757275718 0.12001154282066778 0.0
0.5241579998009076 0.11948352010180693 0.0
0.5229334190609832 0.1189625044288592 0.0
0.5217058887156814 0.11844847677241896 0.0
0.5204754634933614 0.11794141713999269 0.0
0.5192421980823665 0.11744130564903087 0.0
0.5180061489062034 0.11694811384871506 0.0
0.5167673833521877 0.11646178544597724 0.0
0.5155259696448784 0.11598225728630779 0.0
0.5142819746428421 0.11550946578718835 0.0
0.5130354639896029 0.11504334728355306 0.0
0.5117864925235032 0.11458386285609848 0.0
0.5105351031516782 0.11413100522595991 0.0
0.509281337254533 0.11368476940845637 0.0
0.5080252359459212 0.11324515039106167 0.0
0.5067668376698286 0.11281215011655735 0.0
0.5055061603739627 0.11238583102182573 0.0
0.5042432131435101 0.11196628369427254 0.0
0.5029780066959757 0.11155359993796302 0.0
0.5017105525974277 0.11114787150612193 0.0
0.5004408593149817 0.11074920588807285 0.0
0.49916892752999265 0.11035774070651722 0.0
0.4978947589175344 0.10997361845582616 0.0
0.49661835757153955 0.10959698220640854 0.0
0.4953397286465785 0.10922797895629732 0.0
0.4940588723533868 0.10886678297000434 0.0
0.49277578870136446 0.10851358084813822 0.0
0.4914904807560234 0.10816856067716785 0.0
0.49020295441645023 0.10783191340102789 0.0
0.4889132020828001 0.10750389745922785 0.0
0.4876212064010387 0.10718483267929863 0.0
0.4863269550180146 0.10687504415368705 0.0
0.48503044271943824 0.10657485864627435 0.0
0.4837316632318319 0.10628463927935897 0.0
0.48243060997426496 0.10600478992989036 0.0
0.4811272844607067 0.10573572074135534 0.0
0.4798216968652426 0.10547785227227854 0.0
0.4785138287706031 0.10523181058687474 0.0
0.4772036501716578 0.10499838471937133 0.0
0.47589115198686743 0.1047783757742082 0.0
0.47457634686526046 0.1045726023107797 0.0
0.473259263813698 0.10438195083379208 0.0
0.4719399592712063 0.10420733472413699 0.0
0.47061851649679054 0.10404971378530439 0.0
0.4692949881105741 0.10391068845887363 0.0
0.46796945730209727 0.1037922678002068 0.0
0.4666420971598249 0.10369650407160635 0.0
0.4653131647261468 0.10362583420896429 0.0
0.4639830457087628 0.10358295773843057 0.0
0.4626522881333945 0.10357113961470209 0.0
0.4613217059835639 0.10359585536525139 0.0
0.4599926163075034 0.10366335991844033 0.0
0.4586672131751243 0.103783484714786 0.0
0.4573496827066902 0.10397051208465428 0.0
0.45604620379133215 0.10423963839463397 0.0
0.45477657334106647 0.10463837866154821 0.0
0.45358735391394805 0.10522703391354822 0.0
0.4531664574114972 0.1064464182893116 0.0
0.4544288972642053 0.10698321476988991 0.0
0.4556799971692627 0.10740013118295572 0.0
0.45696005916487187 0.10777579349432806 0.0
0.4582528727418167 0.1080877420762323 0.0
0.45955018049017554 0.10838549523190483 0.0
0.4608472836129703 0.1086828514230418 0.0
0.46214562234778167 0.10897510765580416 0.0
0.4634456272267674 0.10925976851023445 0.0
0.46474672381407084 0.10953942188108914 0.0
0.4660481818626498 0.10981738159294564 0.0
0.4673494318236092 0.11009631573103715 0.0
0.468650376182452 0.11037667066864407 0.0
0.469951020240276 0.1106584158771477 0.0
0.4712513673811673 0.11094152837544344 0.0
0.4725513862191633 0.11122614494833276 0.0
0.47385099603457814 0.11151262306509234 0.0
0.4751501122238039 0.11180133124608112 0.0
0.4764486484130797 0.11209263717369472 0.0
0.4777465341860427 0.1123868278185653 0.0
0.479043733690965 0.112684029429409 0.0
0.4803402142618856 0.11298435190022843 0.0
0.48163594228902235 0.11328790429730252 0.0
0.48293088434556264 0.11359479290363761 0.0
0.4842250123217904 0.11390509647042235 0.0
0.4855183020786335 0.11421887485760443 0.0
0.48681072916155965 0.11453618803166236 0.0
0.4881022684497703 0.11485709550905887 0.0
0.4893928939423311 0.11518165846422003 0.0
0.4906825752421687 0.11550995357071653 0.0
0.4919712783907538 0.1158420672871383 0.0
0.49325896891868576 0.11617808595530484 0.0
0.494545611352606 0.11651809563463068 0.0
0.4958311693904888 0.11686218276080151 0.0
0.4971156012342804 0.11721045039009495 0.0
0.49839885746202567 0.11756302518594669 0.0
0.4996808868743864 0.11792003489416679 0.0
0.5009616370015153 0.11828160695031512 0.0
0.502241054009684 0.11864786873623753 0.0
0.5035190864419357 0.1190189327415736 0.0
0.5047957088870149 0.1193948189907849 0.0
0.5060709076787113 0.1197755068770062 0.0
0.5073446694061382 0.12016097623216018 0.0
0.5086169804363201 0.12055120673816432 0.0
0.5098878277604204 0.12094617826260112 0.0
0.5111572009622218 0.12134586202951184 0.0
0.5124250985498279 0.12175020246300114 0.0
0.513691521147538 0.12215913893316124 0.0
0.5149564702525573 0.12257261107245868 0.0
0.5162199477419095 0.12299055861009979 0.0
0.5174819560144934 0.12341292174192414 0.0
0.5187424936068445 0.1238396539361899 0.0
0.5200015510957919 0.12427073357102439 0.0
0.5212591183088577 0.12470614146335435 0.0
0.5225151852734212 0.1251458586411918 0.0
0.5237697420968946 0.12558986591266064 0.0
0.5250227786262474 0.1260381459417293 0.0
0.5262742719144423 0.1264907161635151 0.0
0.527524184815193 0.1269476334053471 0.0
0.5287724784869738 0.1274089557313354 0.0
0.5300191136951011 0.12787474114549818 0.0
0.5312640503053082 0.12834504746277545 0.0
0.5325072493419165 0.1288199281746298 0.0
0.5337486835477068 0.12929940343603705 0.0
0.534988332361306 0.1297834757654763 0.0
0.5362261753123774 0.13027214781140128 0.0
0.5374621915086374 0.1307654218611752 0.0
0.5386963601198266 0.13126330079194265 0.0
0.5399286421191543 0.1317658306337038 0.0
0.5411589578471447 0.1322731557505324 0.0
0.5423872199861056 0.13278543242501162 0.0
0.5436133395946934 0.13330281645943873 0.0
0.544837225341719 0.1338254626202665 0.0
0.5460587881136889 0.13435351539983972 0.0
0.5472779590976193 0.1348870673162558 0.0
0.5484946757923318 0.13542619240578624 0.0
0.5497088747015825 0.1359709643978656 0.0
0.5509204909654711 0.1365214562074089 0.0
0.5521294407447082 0.137077779591465 0.0
0.5533355415452923 0.13764025312269157 0.0
0.5545385725043066 0.13820926278202048 0.0
0.5557383064245207 0.13878519142865778 0.0
0.5569345096435636 0.13936841801924793 0.0
0.5581269616271212 0.1399592763191258 0.0
0.559315470773246 0.14055802630402076 0.0
0.5604998430282536 0.14116491834168696 0.0
0.5616798781281936 0.14178020085771573 0.0
0.5628552415259039 0.14240436122544753 0.0
0.5640252487057446 0.1430385051233136 0.0
0.5651891323636221 0.1436838193527417 0.0
0.5663460658039848 0.14434151249667018 0.0
0.5674946817471489 0.14501362613844693 0.0
0.5686330334517194 0.14570298165728715 0.0
0.569759011304549 0.1464123682395174 0.0
0.5708700268316402 0.14714496634083804 0.0
0.5719628855055368 0.14790438432731107 0.0
0.5730348273382507 0.14869305150130868 0.0
0.5740857868613396 0.1495094703785525 0.0
0.5751200305266261 0.1503469639742527 0.0
