0.5755646567129494 0.14912536356723102 0.0
0.5744187397518595 0.14842034387077196 0.0
0.5732967917203089 0.1476764149858455 0.0
0.5721932395218304 0.146902705870749 0.0
0.571102510308723 0.14610834556048904 0.0
0.5700190309978581 0.14530246297671495 0.0
0.5689372283706084 0.14449418703326145 0.0
0.5678515297014329 0.14369264680959773 0.0
0.566756361780597 0.14290697119512652 0.0
0.5656461516382393 0.1421462891803918 0.0
0.5645153261823389 0.1414197297114749 0.0
0.5633597200653548 0.14073425605177947 0.0
0.562180565530687 0.14008852526861895 0.0
0.5609803891068664 0.1394792036395821 0.0
0.5597617169559442 0.1389029573088697 0.0
0.5585270757241654 0.13835645261074908 0.0
0.557278991455867 0.1378363556327424 0.0
0.5560199906706879 0.13733933267687043 0.0
0.554752599530679 0.13686204988733394 0.0
0.5534793446909776 0.13640117357396828 0.0
0.5522027359241212 0.13595338678379515 0.0
0.5509243420571712 0.13551634846986502 0.0
0.5496442935575341 0.13508920795345447 0.0
0.5483625999729571 0.13467124038852013 0.0
0.5470792707379198 0.13426172086012414 0.0
0.5457943152780096 0.13385992447776046 0.0
0.5445077427833859 0.13346512623756596 0.0
0.5432195629239562 0.1330766013379599 0.0
0.5419297850075938 0.13269362483175773 0.0
0.5406384183466184 0.13231547175955888 0.0
0.5393454788919468 0.1319414430135374 0.0
0.5380510536549381 0.13157112544863514 0.0
0.5367552741208919 0.13120428438345294 0.0
0.5354582724495937 0.13084068784459182 0.0
0.5341601808052749 0.13048010384643682 0.0
0.5328611313477214 0.130122300415589 0.0
0.5315612561145584 0.12976704553418672 0.0
0.5302606875098914 0.12941410731775624 0.0
0.5289595574536322 0.12906325369175736 0.0
0.5276579982188337 0.12871425275168577 0.0
0.5263561315408044 0.1283668566940925 0.0
0.5250540374480526 0.12802075441976107 0.0
0.5237517856801084 0.12767561900723953 0.0
0.5224494458676805 0.12733112345396536 0.0
0.5211470873793729 0.12698694071731487 0.0
0.5198447800813218 0.12664274390808275 0.0
0.51854259347763 0.12629820599145988 0.0
0.5172405971901136 0.12595299998931575 0.0
0.5159388608361428 0.12560679893573587 0.0
0.5146374536125795 0.12525927816042629 0.0
0.5133364087489666 0.12491027718875566 0.0
0.512035700451878 0.1245599067975103 0.0
0.5107352976624837 0.12420830325279651 0.0
0.5094351690731878 0.12385560274401138 0.0
0.5081352833763937 0.12350194146055198 0.0
0.5068356092689518 0.12314745557959939 0.0
0.5055361155698721 0.12279228132279729 0.0
0.5042367709671122 0.12243655489175881 0.0
0.5029375442841284 0.12208041249591159 0.0
0.5016384050920222 0.12172398600997829 0.0
0.5003393346145057 0.12136734868677572 0.0
0.4990403230040986 0.12101053176307491 0.0
0.4977413599960444 0.12065356534153496 0.0
0.49644243581422687 0.12029647970266534 0.0
0.4951435404350975 0.11993930504660157 0.0
0.4938446638435556 0.11958207155026872 0.0
0.4925457960191648 0.11922480940525108 0.0
0.49124692718625373 0.11886754889083657 0.0
0.48994804720222607 0.11851032015414686 0.0
0.48864915115718693 0.11815313630491252 0.0
0.4873502582212346 0.11779592946993876 0.0
0.48605139451098633 0.11743860774939699 0.0
0.48475258639049185 0.1170810793238326 0.0
0.4834538597342716 0.11672325219838374 0.0
0.48215524102720136 0.11636503460172323 0.0
0.4808567562661395 0.1160063345829632 0.0
0.47955843169235324 0.11564706027989667 0.0
0.47826029354675414 0.11528711983129397 0.0
0.47696236801354264 0.1149264211516432 0.0
0.47566468606898493 0.11456485214763784 0.0
0.47436728789972193 0.11420226325764865 0.0
0.47307021477183864 0.11383850081401402 0.0
0.4717735077071002 0.11347341106014713 0.0
0.4704772105198604 0.11310683142660237 0.0
0.4691814608583839 0.11273829934688598 0.0
0.4678865109174485 0.112366985847684 0.0
0.4665926197676514 0.11199203964367235 0.0
0.4653000463565406 0.11161260940750763 0.0
0.4640090768049544 0.11122775873925386 0.0
0.46272042084675186 0.11083521001963809 0.0
0.46143512974010586 0.11043160700614088 0.0
0.46015556845019556 0.11001011733706394 0.0
0.4588872565818568 0.10955557294399035 0.0
0.4576360621585256 0.10905299526960034 0.0
0.4564068453069498 0.10849946128652059 0.0
0.45520551844412105 0.10789518048645347 0.0
0.4541273941072292 0.10707252546211146 0.0
0.4534280181746939 0.10581797318905194 0.0
0.45344534999740466 0.1045258170510194 0.0
0.4542972515689463 0.10353676684157467 0.0
0.4555772378972121 0.1028071771625813 0.0
0.4568575272638384 0.10224552187695532 0.0
0.4580937864435626 0.10179471125783097 0.0
0.45937712898287314 0.10142188757589543 0.0
0.46069846305396106 0.10111455841927836 0.0
0.46203371316302533 0.10086326327754921 0.0
0.4633678325158267 0.10065972290007838 0.0
0.4647026923666524 0.10049787140190047 0.0
0.4660418688152601 0.1003720338583323 0.0
0.46738594529327937 0.10027937613981755 0.0
0.4687328047375846 0.10021962746288078 0.0
0.47008045748434596 0.10019236101762762 0.0
0.47142809954470816 0.10019583876722839 0.0
0.4727753174247611 0.1002278909423337 0.0
0.47412169790388264 0.10028634755487377 0.0
0.47546682764373693 0.10036903856010013 0.0
0.4768103085800378 0.10047395149780786 0.0
0.47815184992910564 0.10060017638439502 0.0
0.4794912067099626 0.10074727414284851 0.0
0.48082813393907126 0.10091480684347148 0.0
0.4821623867325987 0.10110233742291518 0.0
0.48349373863130796 0.10130939568101952 0.0
0.484822079743961 0.10153531049937514 0.0
0.48614734476231575 0.1017793323597686 0.0
0.48746946861122226 0.10204071224385439 0.0
0.4887883863156838 0.10231870047802422 0.0
0.49010403247853296 0.1026125477883847 0.0
0.4914163423246304 0.10292150471241282 0.0
0.4927252504568087 0.10324482197621518 0.0
0.49403069185560855 0.10358175002834352 0.0
0.49533260161250264 0.10393153977275495 0.0
0.4966309365594368 0.1042935389809116 0.0
0.4979257176090133 0.10466737509751077 0.0
0.49921697714341884 0.10505272539506359 0.0
0.500504747089435 0.10544926725701341 0.0
0.5017890599069461 0.10585667812249401 0.0
0.5030699476561213 0.10627463500846862 0.0
0.5043474427079196 0.1067028155983911 0.0
0.5056215770335853 0.10714089715354477 0.0
0.5068923831819276 0.1075885568687433 0.0
0.5081598920346323 0.1080454757589965 0.0
0.5094241050103948 0.10851143783369943 0.0
0.5106849893626619 0.10898634415626507 0.0
0.5119425106660803 0.10947010154285605 0.0
0.5131966343174459 0.10996261729827522 0.0
0.5144473260912629 0.11046379844977053 0.0
0.5156945513066299 0.11097355213552212 0.0
0.5169382755269656 0.11149178558263542 0.0
0.5181784642824538 0.11201840572943314 0.0
0.5194150830143536 0.11255331975855806 0.0
0.5206480974293531 0.1130964386845255 0.0
0.52187747332577 0.11364770177719545 0.0
0.5231031764314138 0.11420706142336084 0.0
0.5243251727628775 0.11477446997657978 0.0
0.525543428136896 0.11534987957932509 0.0
0.5267579083589771 0.11593324278501234 0.0
0.5279685794124782 0.11652451165841694 0.0
0.529175407225067 0.1171236387974171 0.0
0.5303783576134785 0.11773057634448562 0.0
0.5315773965943056 0.11834527665318063 0.0
0.5327725008107065 0.11896766288081051 0.0
0.5339636794955935 0.11959757320620655 0.0
0.5351509472178413 0.12023482962738427 0.0
0.5363343193569826 0.12087925457575756 0.0
0.5375138104374297 0.12153067017150196 0.0
0.538689435472235 0.12218889871264348 0.0
0.5398612095521484 0.1228537626638308 0.0
0.5410291472905076 0.1235250839009194 0.0
0.5421932638557595 0.1242026850551806 0.0
0.5433535743606613 0.12488638929098855 0.0
0.5445101153334974 0.12557608864581518 0.0
0.545662956044751 0.1262717813274794 0.0
0.5468121682990102 0.12697347454537644 0.0
0.5479578242717897 0.12768117563007345 0.0
0.5490999960031051 0.1283948919043229 0.0
0.5502387555463109 0.1291146306542293 0.0
0.5513741750635828 0.12984039924700774 0.0
0.5525063263595088 0.13057220489205348 0.0
0.553635281478551 0.13131005489990305 0.0
0.5547610820997908 0.13205398603586102 0.0
0.5558829412651821 0.13280482973829238 0.0
0.5569991689458079 0.13356428473083543 0.0
0.5581080292871256 0.13433409354157252 0.0
0.5592077864301461 0.13511599871080204 0.0
0.5602967043848281 0.13591174275879175 0.0
0.5613730474187891 0.1367230682580867 0.0
0.56243507967304 0.13755171774898522 0.0
0.5634810651575393 0.13839943375175515 0.0
0.5645092681399044 0.13926795883894147 0.0
0.5655180298532138 0.14015894993352648 0.0
0.5665087986468015 0.1410706216342886 0.0
0.5674871199524031 0.14199664854980554 0.0
0.5684588194185243 0.1429303949337437 0.0
0.5694297226803319 0.1438652250764175 0.0
0.5704056552597253 0.14479450319924664 0.0
0.5713924430450841 0.14571159365703878 0.0
0.572395911305095 0.14660986060672043 0.0
0.5734218860502978 0.1474826684475618 0.0
0.5744761925582714 0.14832338131205747 0.0
0.5755646567129494 0.14912536356723102 0.0
