0.5751200305266261 0.1503469639742527 0.0
0.5741577213066068 0.14942645457392223 0.0
0.5732123602152466 0.1484884304407495 0.0
0.5722597527138824 0.14755774022651938 0.0
0.5712865375686025 0.14664855097082338 0.0
0.5702864093460212 0.14576910701037155 0.0
0.5692600208502171 0.14492021576785488 0.0
0.5682118344826597 0.1440984928644461 0.0
0.5671461551871002 0.1432996907904459 0.0
0.5660671323391318 0.14251894267570575 0.0
0.56497824018565 0.1417521270548729 0.0
0.5638810260630204 0.14099730743216737 0.0
0.5627766916663539 0.14025293935461208 0.0
0.5616661863737796 0.13951781925677367 0.0
0.5605499448746167 0.13879143662969834 0.0
0.5594283393650932 0.13807336524103747 0.0
0.5583017344956299 0.13736317868517514 0.0
0.557170462712166 0.13666044933526458 0.0
0.5560348481774264 0.13596474913663198 0.0
0.5548952122180945 0.1352756555459978 0.0
0.5537517695656355 0.13459290509474695 0.0
0.5526046125238719 0.13391641940380963 0.0
0.5514538263253151 0.13324613040011307 0.0
0.5502994986540293 0.13258196517547186 0.0
0.5491417512503853 0.13192377929825178 0.0
0.5479807320490807 0.13127137423294294 0.0
0.546816589251813 0.1306245499502698 0.0
0.5456494665262139 0.12998311507725366 0.0
0.5444794111634331 0.12934705029004978 0.0
0.5433063808281037 0.12871649546998618 0.0
0.5421303302664484 0.1280915966161839 0.0
0.5409512140515107 0.1274724994433828 0.0
0.5397690025438475 0.1268593252952126 0.0
0.5385836964521005 0.126252149383895 0.0
0.5373952994896868 0.12565104170685473 0.0
0.5362038155099688 0.1250560722571151 0.0
0.5350092462700085 0.1244673164071426 0.0
0.5338115805727959 0.12388488474032892 0.0
0.5326108015794639 0.12330890182056395 0.0
0.5314068923111998 0.12273949221613895 0.0
0.530199836546718 0.12217678031453018 0.0
0.5289896320621977 0.12162086496870991 0.0
0.5277763008651005 0.12107180392308717 0.0
0.526559866949918 0.12052965098312808 0.0
0.5253403543022492 0.11999445997873077 0.0
0.5241177888282542 0.11946628022328512 0.0
0.522892215443841 0.1189451171634076 0.0
0.5216636896213329 0.1184309514232431 0.0
0.5204322666865508 0.11792376326925919 0.0
0.519198002340688 0.11742353307687924 0.0
0.5179609545445365 0.11693023197257477 0.0
0.5167211890821057 0.11644380198681148 0.0
0.5154787733761896 0.11596417950724941 0.0
0.5142337747407603 0.11549130084043795 0.0
0.5129862603007118 0.11502510319250939 0.0
0.5117362851738283 0.11456554915696843 0.0
0.5104838910632051 0.1141126317222656 0.0
0.5092291184164299 0.11366634542585895 0.0
0.5079720081608375 0.113226685007489 0.0
0.5067125980357932 0.11279365396577119 0.0
0.5054509062125315 0.11236731754430422 0.0
0.5041869427067212 0.11194776719486556 0.0
0.5029207173674082 0.11153509444693008 0.0
0.5016522399947299 0.11112939096434873 0.0
0.500381518015825 0.11073076557337906 0.0
0.49910855455268965 0.1103393579332911 0.0
0.4978333523442681 0.10995531103634759 0.0
0.4965559140206835 0.10957876779370065 0.0
0.4952762420841067 0.1092098756490886 0.0
0.49399433869938525 0.10884881110003602 0.0
0.4927102054260943 0.10849576180940441 0.0
0.4914238443035566 0.1081509156423377 0.0
0.4901352564191463 0.10781446459981558 0.0
0.48884443601507666 0.10748667270298237 0.0
0.4875513706653938 0.1071678633438353 0.0
0.48625604796803734 0.10685836174919724 0.0
0.4849584559957997 0.1065584948820005 0.0
0.4836585883142406 0.10626862934754155 0.0
0.48235644432337627 0.10598917273526504 0.0
0.48105202370922184 0.10572053450950253 0.0
0.4797453256908946 0.10546314062115916 0.0
0.4784363387411802 0.10521763393306811 0.0
0.4771250438304453 0.10498481133398374 0.0
0.4758114219525016 0.10476547306909702 0.0
0.47449546976872964 0.10456044019319524 0.0
0.4731772412218643 0.10437060937981109 0.0
0.4718568026135575 0.10419689427930376 0.0
0.47053421995849687 0.10404027774748424 0.0
0.4692095500635857 0.10390240687731783 0.0
0.46788284505697975 0.10378530004570494 0.0
0.466554192252081 0.10369102293870006 0.0
0.46522401989973927 0.1036220595615677 0.0
0.46389294764577343 0.10358112874948358 0.0
0.4625614748122611 0.10357159673321147 0.0
0.46122967622536226 0.10359906645879721 0.0
0.45989805750367857 0.1036700113108477 0.0
0.45857213859927515 0.10379460469243647 0.0
0.45725859049644213 0.1039859955287862 0.0
0.4559498278043308 0.10426537963232979 0.0
0.45467795350783285 0.104671533362153 0.0
0.4535159542694162 0.10529970692441715 0.0
0.4531323645486281 0.10637837899398182 0.0
0.4543313339308111 0.10695667252456509 0.0
0.4555975058891057 0.10737231516409568 0.0
0.4568673633823018 0.10775148079724507 0.0
0.45816373024571266 0.10806713412564765 0.0
0.4594642873551641 0.10836579072915815 0.0
0.4607620313956561 0.10866341070116048 0.0
0.46205999855360536 0.10895608663737653 0.0
0.4633603853022013 0.10924130238878835 0.0
0.4646625317029855 0.10952141670915734 0.0
0.465965267704925 0.10979965895892642 0.0
0.46726762839968533 0.11007873645595338 0.0
0.46856949676078663 0.11035919817644087 0.0
0.46987097499773306 0.11064103544979752 0.0
0.4711721637750691 0.11092424194970134 0.0
0.47247308600063953 0.11120895124625982 0.0
0.47377364526181776 0.11149551071150972 0.0
0.4750737349802923 0.11178428576501812 0.0
0.4763732488155148 0.11207564155319862 0.0
0.4776721021303946 0.11236987180977229 0.0
0.4789702594245509 0.11266710903993485 0.0
0.48026769197693836 0.11296746370195922 0.0
0.4815643711975642 0.11327104627414891 0.0
0.4828602683948446 0.11357796523335917 0.0
0.4841553564824687 0.11388830146022522 0.0
0.48544960957088323 0.11420211506296758 0.0
0.48674300180399405 0.114519465677784 0.0
0.4880355072124393 0.11484041287197759 0.0
0.48932709940890884 0.11516501736115588 0.0
0.49061774772110955 0.11549335505467088 0.0
0.4919074179328533 0.11582551235883531 0.0
0.49319607563465184 0.11616157583095531 0.0
0.4944836869012107 0.11650163221840353 0.0
0.4957702172296701 0.11684576833502221 0.0
0.49705562529983705 0.11719408630427126 0.0
0.4983398591555195 0.11754671177035939 0.0
0.4996228658314483 0.11790377238972273 0.0
0.5009045925022995 0.11826539581439603 0.0
0.50218498608509 0.11863170964413686 0.0
0.5034639968366525 0.11900283002206728 0.0
0.504741598667116 0.11937878073760315 0.0
0.5060177773526006 0.11975954157577952 0.0
0.5072925182872967 0.12014509185059691 0.0
0.50856580721409 0.12053541105830767 0.0
0.5098376297625982 0.12093047862626954 0.0
0.5111079747300645 0.12133026641914559 0.0
0.5123768411485783 0.12173471970196836 0.0
0.5136442308085734 0.1221437780617536 0.0
0.5149101449985046 0.12255738094431454 0.0
0.5161745853777535 0.12297546791663629 0.0
0.5174375535834701 0.12339797860678396 0.0
0.5186990477438065 0.12382486532447176 0.0
0.5199590592642589 0.12425610607155588 0.0
0.5212175785742572 0.12469168191170815 0.0
0.522474596591871 0.12513157408645093 0.0
0.5237301036288162 0.12557576360277733 0.0
0.5249840900986243 0.12602423270832352 0.0
0.5262365328192791 0.1264769972032386 0.0
0.5274873933608706 0.12693411288044407 0.0
0.5287366319467198 0.12739563771269974 0.0
0.5299842091755206 0.12786162978172128 0.0
0.5312300855060217 0.12833214717362568 0.0
0.5324742225553349 0.12880724441185826 0.0
0.5337165937144983 0.12928694291108 0.0
0.534957178464266 0.1297712454541207 0.0
0.5361959568318339 0.13026015484285255 0.0
0.5374329084823637 0.1307536737335439 0.0
0.5386680130276623 0.1312518049290552 0.0
0.5399012317769682 0.13175459239587003 0.0
0.5411324819950225 0.13226217792596576 0.0
0.5423616741495775 0.13277471742475727 0.0
0.5435887190748658 0.13329236693104723 0.0
0.5448135274918525 0.13381528241474372 0.0
0.5460360131318464 0.13434361081471463 0.0
0.5472561069127526 0.1348774457685283 0.0
0.5484737459823625 0.13541686151671517 0.0
0.5496888677327872 0.13596193238873078 0.0
0.550901409311818 0.13651273262510547 0.0
0.5521112887864899 0.13706937254624968 0.0
0.5533183170314868 0.13763216537834586 0.0
0.5545222672713007 0.13820149510249616 0.0
0.5557229129569584 0.138777745837592 0.0
0.5569200272286972 0.13936130103603409 0.0
0.5581133946487924 0.13995249908502644 0.0
0.5593028184532267 0.14055159893918592 0.0
0.5604881041904874 0.1411588516791963 0.0
0.5616690567559103 0.14177450865988314 0.0
0.5628453426586566 0.1423990532120777 0.0
0.5640162619744822 0.14303358089595242 0.0
0.5651810549070633 0.14367928715279057 0.0
0.5663389344959634 0.14433740328701355 0.0
0.5674885081586045 0.14500995487982205 0.0
0.5686277897656007 0.1456997460968383 0.0
0.5697547487171525 0.14640962422546933 0.0
0.5708667587693543 0.14714275680435188 0.0
0.5719605042795288 0.1479026824407312 0.0
0.5730333057722756 0.14869189962271673 0.0
0.5740850567285034 0.1495088898584705 0.0
0.5751200305266261 0.1503469639742527 0.0
