0.5751200305266261 0.1503469639742527 0.0
0.5741095984645581 0.14945614352576475 0.0
0.5730919082480906 0.1485737983796425 0.0
0.5720672778893698 0.1476996260868363 0.0
0.5710360260113426 0.14683332442060956 0.0
0.5699984706306014 0.14597459091969675 0.0
0.5689549302439312 0.14512312332389304 0.0
0.5679057231126894 0.14427861925963645 0.0
0.5668511674893408 0.14344077637779698 0.0
0.565791581635243 0.14260929230481265 0.0
0.5647272840516271 0.14178386476826266 0.0
0.5636585881443482 0.14096419029137375 0.0
0.5625857682664948 0.14014995638502878 0.0
0.5615090788471678 0.13934084600606297 0.0
0.5604287743288069 0.13853654207466354 0.0
0.5593451091449594 0.13773672753544966 0.0
0.5582583377291724 0.13694108533304053 0.0
0.5571687145149932 0.13614929841205536 0.0
0.5560764938227014 0.1353610496482187 0.0
0.5549819303301642 0.13457602207507502 0.0
0.5538852782221626 0.13379389856053425 0.0
0.5527867523694342 0.13301441791399632 0.0
0.551686164459115 0.13223788770859832 0.0
0.5505830904484871 0.1314649473213403 0.0
0.5494771037679174 0.13069624041120131 0.0
0.5483677777211667 0.12993241060491395 0.0
0.5472546853765684 0.1291741014158535 0.0
0.5461374001555969 0.12842195652743116 0.0
0.5450154952487454 0.12767661949748477 0.0
0.5438885438331685 0.12693873392050029 0.0
0.5427561193436796 0.12620894344324085 0.0
0.5416178145565269 0.12548789064527 0.0
0.5404733949811114 0.12477620952166064 0.0
0.5393227153434437 0.12407452954672844 0.0
0.5381656312225439 0.12338348013173264 0.0
0.5370019983062535 0.12270369076904311 0.0
0.5358316721780388 0.12203579085770311 0.0
0.5346545083769035 0.12138040991891591 0.0
0.5334703624907604 0.12073817733950876 0.0
0.5322790902030043 0.12010972262406755 0.0
0.5310805470748705 0.11949567523271552 0.0
0.5298746995668098 0.11889640326326571 0.0
0.5286620279336386 0.11831106690580433 0.0
0.5274431601516276 0.11773847712314917 0.0
0.52621872485231 0.11717744497827111 0.0
0.5249893500119565 0.11662678143398797 0.0
0.5237556643510256 0.11608529730895052 0.0
0.5225182959234854 0.11555180373259925 0.0
0.521277873116549 0.1150251116789798 0.0
0.5200350243618926 0.11450403199997775 0.0
0.5187903754463391 0.1139873805335847 0.0
0.5175443293800787 0.11347442327127308 0.0
0.5162968819279583 0.1129652474878501 0.0
0.5150479860687516 0.11246002684413828 0.0
0.5137975946366167 0.11195893577838299 0.0
0.5125456605658644 0.11146214807356677 0.0
0.5112921367018808 0.11096983775699228 0.0
0.5100369757234288 0.11048217893365953 0.0
0.5087801308868372 0.10999934564209898 0.0
0.5075215546265488 0.10952151189838547 0.0
0.5062611963782477 0.10904885159553646 0.0
0.5049989527892144 0.10858153352415925 0.0
0.503734682333966 0.10811972378690334 0.0
0.5024682424765045 0.10766358784193458 0.0
0.5011994905029811 0.107213291636059 0.0
0.499928284121718 0.1067690007163677 0.0
0.49865448058563183 0.10633088074088398 0.0
0.4973779374696566 0.10589909762317906 0.0
0.4960985122710291 0.10547381711020151 0.0
0.4948160623315912 0.10505520461565457 0.0
0.4935304221260336 0.10464383502647258 0.0
0.4922413240325777 0.10424210540091809 0.0
0.49094847136943953 0.10385291948516659 0.0
0.48965156818779537 0.10347918129216926 0.0
0.4883503178503239 0.10312379444594154 0.0
0.4870444241526534 0.10278966328145209 0.0
0.4857335907462454 0.10247969138948156 0.0
0.4844175213934933 0.10219678281621591 0.0
0.48309591961247067 0.10194384151891593 0.0
0.4817684937595891 0.10172374789906417 0.0
0.4804354226938891 0.10153696230229402 0.0
0.47909775932620235 0.10137945273643838 0.0
0.477756651573351 0.10124669850586772 0.0
0.4764132471988736 0.10113417895600185 0.0
0.4750686886219536 0.10103741054133464 0.0
0.47372368050337244 0.10095488862962007 0.0
0.47237817580159985 0.10089022337249079 0.0
0.4710320532963264 0.10084752862071761 0.0
0.4696851918894027 0.10083091826953405 0.0
0.4683374772755864 0.10084450971032856 0.0
0.46698996649852975 0.10089301762120273 0.0
0.46564620484708213 0.10098242553344756 0.0
0.4643097314494676 0.10111875762243405 0.0
0.4629791050439018 0.10130617110548151 0.0
0.46164898401761206 0.10154736102007117 0.0
0.46031733033422784 0.10184420129015384 0.0
0.459004072700099 0.10219352471835869 0.0
0.4577378531871633 0.10259016445507627 0.0
0.45652112183668897 0.10304330119437066 0.0
0.45521158988197913 0.10364216707850409 0.0
0.45386780319823045 0.10445517668497115 0.0
0.453025736672586 0.10545821418666083 0.0
0.4532160281245442 0.10660665832754364 0.0
0.45415279721712865 0.10771383285982702 0.0
0.45517269439267344 0.10859282857702918 0.0
0.4562575708080581 0.10935501444849159 0.0
0.45741201786553737 0.11006259822892488 0.0
0.45859482676424795 0.11072964729177653 0.0
0.4597834256457223 0.11136477348899987 0.0
0.46098408597736323 0.11196856163223204 0.0
0.4622046473757458 0.11253842053243784 0.0
0.46344828886640016 0.11305840416439475 0.0
0.46471649271763266 0.11350885558180684 0.0
0.46600719262004414 0.11388809253198653 0.0
0.4673146544418289 0.11421302273354998 0.0
0.4686329746983993 0.11450141172172221 0.0
0.4699562495520264 0.11477102486169227 0.0
0.4712788651022889 0.11503878227033841 0.0
0.47259901136471755 0.11531048620547538 0.0
0.473917559971307 0.11558410296772319 0.0
0.4752354387464904 0.11585743496788217 0.0
0.47655357551914673 0.11612828460453666 0.0
0.4778728127482652 0.11639468692764345 0.0
0.479193266408676 0.11665666728456345 0.0
0.48051468318082774 0.11691526070940172 0.0
0.481836806867104 0.11717151014368278 0.0
0.48315938151420834 0.11742645861785635 0.0
0.4844821508028089 0.11768114902776272 0.0
0.4858048586567377 0.11793662436134356 0.0
0.4871272491228763 0.11819392764855996 0.0
0.48844906588118137 0.11845410178720679 0.0
0.48977005297853426 0.11871818980724513 0.0
0.4910900073547644 0.11898700731602829 0.0
0.4924089491593217 0.11926041799325382 0.0
0.4937269565079211 0.1195380361752015 0.0
0.49504410788231296 0.1198194763327606 0.0
0.4963604814004353 0.12010435279610288 0.0
0.49767615554048156 0.12039228004589038 0.0
0.4989912085483299 0.1206828724408767 0.0
0.5003057186551859 0.12097574438012826 0.0
0.5016197643454678 0.12127051032720468 0.0
0.5029334233989733 0.12156678630149952 0.0
0.5042467334764662 0.12186441295701292 0.0
0.5055596514997843 0.12216367627172846 0.0
0.5068721249301618 0.1224649148230455 0.0
0.5081841014775992 0.12276846726507262 0.0
0.5094955284856165 0.12307467211853057 0.0
0.510806353550947 0.1233838679686333 0.0
0.5121165241259318 0.12369639341721221 0.0
0.5134259878073041 0.12401258704948125 0.0
0.5147346920607441 0.12433278743062377 0.0
0.5160425745855137 0.12465735311713493 0.0
0.5173493664548194 0.12498705756791337 0.0
0.5186546035245638 0.1253230665411496 0.0
0.5199578142290733 0.1256665612444175 0.0
0.521258526758354 0.12601872279636556 0.0
0.5225562695422864 0.12638073241678363 0.0
0.5238505707664303 0.1267537712365363 0.0
0.5251409586252382 0.12713902036205615 0.0
0.5264269616707506 0.1275376610575956 0.0
0.5277081079708136 0.1279508743973406 0.0
0.5289840231704876 0.12837957488466273 0.0
0.530254962186596 0.12882295153382606 0.0
0.5315214305067113 0.1292795068220909 0.0
0.5327839341542933 0.12974774137428646 0.0
0.5340429790217487 0.13022615579521124 0.0
0.5352990713679647 0.13071325082305157 0.0
0.5365527172075082 0.13120752710706862 0.0
0.5378044224416788 0.1317074852276289 0.0
0.539054693202757 0.13221162589067217 0.0
0.5403040341070728 0.13271845320699016 0.0
0.5415525891780424 0.1332273225135545 0.0
0.5427996725809425 0.13373954912420558 0.0
0.5440444818468299 0.1342567231913228 0.0
0.545286214633367 0.13478043489953226 0.0
0.5465240687203766 0.13531227447792263 0.0
0.5477572416389153 0.13585383207887336 0.0
0.5489849310421991 0.13640669789922646 0.0
0.5502063347144974 0.13697246215585468 0.0
0.5514206501868664 0.1375527150011374 0.0
0.5526271246530082 0.13814894738972422 0.0
0.5538260599555156 0.13876054362905735 0.0
0.5550187658196286 0.13938487375958306 0.0
0.5562065921471537 0.14001922708491576 0.0
0.5573908892019312 0.1406608930542738 0.0
0.5585730068813215 0.14130716098348764 0.0
0.5597542953270045 0.14195532027731297 0.0
0.5609361046806606 0.14260266034050548 0.0
0.5621197849662564 0.14324647052114226 0.0
0.5633066863210258 0.143884040236195 0.0
0.5644979023810184 0.14451315534202194 0.0
0.565692416449967 0.1451356924005519 0.0
0.5668881733086615 0.14575553976266717 0.0
0.5680831105344064 0.14637659986924365 0.0
0.5692751658493423 0.1470027751433183 0.0
0.5704622768361097 0.14763796801110782 0.0
0.5716423812079566 0.14828608092008116 0.0
0.5728134164320327 0.14895101623366838 0.0
0.5739733203419675 0.14963667644868744 0.0
0.5751200305266261 0.1503469639742527 0.0
