0.5751200305266261 0.1503469639742527 0.0
0.574320091101476 0.14925540000529888 0.0
0.5734891711785304 0.14818730709594027 0.0
0.5725565475653955 0.14720676305690905 0.0
0.5715549158626021 0.14629601479772492 0.0
0.5705198101854925 0.14542407892112202 0.0
0.5694636492363739 0.14457769833389622 0.0
0.5683914451767403 0.14375169275294244 0.0
0.5673064595117816 0.1429425978140042 0.0
0.5662113622006365 0.1421472402802946 0.0
0.5651080241292954 0.1413633686535485 0.0
0.5639975409120439 0.14058965353645306 0.0
0.562880835850266 0.13982495350647858 0.0
0.5617586331423985 0.13906834044891228 0.0
0.5606315970105035 0.13831895562903895 0.0
0.5595002139840809 0.1375761495290299 0.0
0.5583649226548985 0.13683933022045183 0.0
0.5572260407773122 0.13610807661283242 0.0
0.5560837443276675 0.13538216900076946 0.0
0.5549382013537677 0.13466139729932472 0.0
0.5537895857179129 0.13394553202751003 0.0
0.5526380751843345 0.13323433184358546 0.0
0.5514838454265314 0.13252755696901095 0.0
0.5503270546805169 0.13182498284621158 0.0
0.5491678521547705 0.13112639261630188 0.0
0.5480063782280762 0.1304315841774201 0.0
0.5468426730239735 0.12974052102939526 0.0
0.5456767130096121 0.12905327124905344 0.0
0.5445084757166845 0.128369901128696 0.0
0.543337994709637 0.12769038002608657 0.0
0.5421653660840839 0.1270145693519022 0.0
0.5409906888205914 0.1263423248710497 0.0
0.5398140412109923 0.12567353752487126 0.0
0.5386354443133353 0.1250081927876348 0.0
0.5374549095626527 0.12434629192998074 0.0
0.536272446113493 0.12368784096774856 0.0
0.5350880391187584 0.12303289171574704 0.0
0.5339016605356508 0.1223815219811193 0.0
0.5327132820681598 0.12173380950651527 0.0
0.5315228960144225 0.12108979369716905 0.0
0.5303305372717739 0.12044943606772099 0.0
0.5291362454962628 0.11981268847920366 0.0
0.5279400536138681 0.11917951596204157 0.0
0.5267419254769293 0.11855001631073689 0.0
0.5255417844021945 0.11792436524209261 0.0
0.5243395532797945 0.11730273888484267 0.0
0.5231351559986993 0.11668531594475828 0.0
0.5219285193675944 0.11607227964887815 0.0
0.5207195705279621 0.11546381459045699 0.0
0.5195082330984074 0.11486011238111367 0.0
0.5182943849284285 0.11426147289770335 0.0
0.517077869391474 0.11366827477527806 0.0
0.5158585292829782 0.11308089823697039 0.0
0.5146362099947277 0.11249973233646518 0.0
0.5134107640087386 0.11192518959788936 0.0
0.5121820450717443 0.11135768743266877 0.0
0.5109499138540721 0.11079762917103839 0.0
0.5097143158517654 0.11024525312342431 0.0
0.5084752528038485 0.10970068830518608 0.0
0.507232726171342 0.10916406487558619 0.0
0.5059866060160917 0.10863583980164172 0.0
0.5047365231982216 0.10811706529628362 0.0
0.5034820831362535 0.10760885625087428 0.0
0.5022228599129167 0.1071124915705445 0.0
0.500958293616877 0.10662993986609771 0.0
0.49968778894188737 0.10616335137605593 0.0
0.4984108410995166 0.10571465501009487 0.0
0.49712759229806586 0.1052841940167369 0.0
0.49583846677000665 0.1048716196500814 0.0
0.49454388378460856 0.10447657817587853 0.0
0.493244205939213 0.10409869786150253 0.0
0.4919397657016451 0.10373759739151166 0.0
0.49063088543324473 0.10339293119979083 0.0
0.48931779989234 0.1030646715667194 0.0
0.4880006983398868 0.10275295682589328 0.0
0.48667977954868924 0.1024578721906058 0.0
0.4853553065476152 0.10217914996818453 0.0
0.4840275683855742 0.10191638141917356 0.0
0.4826968079916503 0.10166940082623471 0.0
0.48136309923515874 0.10143892734452446 0.0
0.48002647857262376 0.10122588744600443 0.0
0.47868699820583804 0.10103152239195387 0.0
0.4773447356382439 0.10085756076648902 0.0
0.47599979187487795 0.10070567114476142 0.0
0.4746524427370404 0.10057669401165213 0.0
0.4733030496193211 0.10047107472154639 0.0
0.47195197404499123 0.10038986186546128 0.0
0.47059957594647506 0.10033502443314776 0.0
0.4692462861325999 0.10030884638986147 0.0
0.4678927716344524 0.1003144049163782 0.0
0.4665398225932336 0.10035499715810309 0.0
0.4651885865795971 0.10043418501730646 0.0
0.46384054535896535 0.10055657345365963 0.0
0.46249814679499546 0.10073085209449208 0.0
0.46116560387446776 0.10096951180765014 0.0
0.45985057197085205 0.10129063576794597 0.0
0.4585617646417159 0.10170481017132074 0.0
0.45730840278194124 0.1022161120411589 0.0
0.4561017006520327 0.10283014533440187 0.0
0.45496544681657597 0.10356414291412733 0.0
0.4539358653826702 0.1044459538958046 0.0
0.45312079036554165 0.10552152852549065 0.0
0.45294107299467296 0.10681622346365019 0.0
0.45390202196095825 0.10776063278670661 0.0
0.4550317864711922 0.10850147877327213 0.0
0.4562189468349573 0.10915200396549321 0.0
0.45743401426596064 0.10975059946731984 0.0
0.4586636813220166 0.11031456489498478 0.0
0.459907406201907 0.11084839777776115 0.0
0.46116126800110274 0.11135859776514695 0.0
0.46242247251893787 0.11184971410015337 0.0
0.46369028408600643 0.11232336808235288 0.0
0.4649641300708988 0.11278072094308757 0.0
0.4662434735066497 0.11322251619089005 0.0
0.4675278358862123 0.11364939540358898 0.0
0.4688169475354791 0.114061758559874 0.0
0.47011061013805455 0.11445985595627055 0.0
0.4714090972671785 0.11484193668784982 0.0
0.47271313770250634 0.11520431995133495 0.0
0.4740233094009584 0.1155438560145414 0.0
0.4753390362258002 0.1158615443549693 0.0
0.47665926141887477 0.11616011354829006 0.0
0.4779829550016662 0.11644246033386309 0.0
0.47930922742336907 0.1167122826644329 0.0
0.480637232493714 0.11697352501162858 0.0
0.4819661802194489 0.11722987558169769 0.0
0.48329573607164555 0.11748295628018064 0.0
0.4846257855065569 0.11773339083032297 0.0
0.48595621496811325 0.11798179758108683 0.0
0.487286898557172 0.11822885616055807 0.0
0.4886176920868331 0.11847533597185836 0.0
0.48994845012261 0.11872201364677117 0.0
0.49127903227616115 0.11896963750931629 0.0
0.49260935275306916 0.11921865955152987 0.0
0.4939393584815218 0.11946935481917209 0.0
0.4952689969572742 0.11972199603843547 0.0
0.49659821316271785 0.1199768639812063 0.0
0.4979269361213564 0.12023429504898606 0.0
0.4992550885492106 0.1204946490544569 0.0
0.5005825926380907 0.12075828573017859 0.0
0.501909373738672 0.12102554928809878 0.0
0.5032353770450484 0.12129665492228382 0.0
0.5045605584099813 0.12157175509403004 0.0
0.5058848733576572 0.12185100164700712 0.0
0.5072082769187278 0.12213454778086119 0.0
0.5085307153604867 0.12242257001217698 0.0
0.5098521265767026 0.12271526444275825 0.0
0.5111724486097582 0.12301282790638088 0.0
0.5124916194554617 0.12331545698468603 0.0
0.513809581910187 0.12362331720542612 0.0
0.5151262883758837 0.12393651197636013 0.0
0.5164416925272542 0.12425513740744258 0.0
0.5177557481611608 0.12457928965309059 0.0
0.5190684049930216 0.12490907532120757 0.0
0.5203795894628394 0.12524466990960573 0.0
0.5216892182487362 0.12558627611673692 0.0
0.5229972083686371 0.12593409684773693 0.0
0.5243034768542544 0.12628833344948254 0.0
0.5256079513581544 0.1266491322418632 0.0
0.5269105737233407 0.12701656976920217 0.0
0.5282112862362294 0.12739071793670576 0.0
0.5295100311965752 0.1277716486129322 0.0
0.5308067436611725 0.12815945356631042 0.0
0.5321013261817653 0.12855430855083688 0.0
0.533393672875763 0.12895641173346223 0.0
0.5346836774985415 0.12936596113553334 0.0
0.5359712344700805 0.12978315333250712 0.0
0.5372562369561457 0.13020815945857822 0.0
0.5385385784346781 0.13064113154570584 0.0
0.539818152168312 0.13108222107711726 0.0
0.5410948509174781 0.1315315801556427 0.0
0.5423685424920205 0.13198940814999033 0.0
0.543639053631202 0.1324559811603786 0.0
0.5449062076335516 0.13293158245979658 0.0
0.5461698274577956 0.13341649511454962 0.0
0.5474297376235631 0.1339109819384268 0.0
0.5486857652486583 0.13441525565610243 0.0
0.5499377381039453 0.13492952149656517 0.0
0.5511854840178652 0.13545398529080113 0.0
0.5524287743639356 0.13598895020404903 0.0
0.5536672551992264 0.1365349382744493 0.0
0.5549005553700411 0.1370925013419845 0.0
0.5561283044609866 0.13766218845797507 0.0
0.5573501436455437 0.1382444651407115 0.0
0.558565727892758 0.1388397027514835 0.0
0.5597747130328123 0.13944826762496493 0.0
0.5609766583849778 0.14007067190768457 0.0
0.5621707026404038 0.14070806572362948 0.0
0.5633558697093621 0.1413617735395707 0.0
0.5645311643371022 0.1420331177441276 0.0
0.565695448028512 0.14272340605400627 0.0
0.5668475158638288 0.14343393939904575 0.0
0.5679857196021654 0.14416657345883427 0.0
0.5691063361538365 0.1449257629414749 0.0
0.5702049371025704 0.14571678712693883 0.0
0.5712745485181174 0.14654659315222832 0.0
0.5723055132829382 0.14742381013509478 0.0
0.5732892368585238 0.14835371447358348 0.0
0.5742218699625992 0.14933450382399396 0.0
0.5751200305266261 0.1503469639742527 0.0
