0.5751200305266261 0.1503469639742527 0.0
0.5742642847048055 0.14931842737244236 0.0
0.5733361958671268 0.1483656666530562 0.0
0.5723477454199803 0.1474769013720169 0.0
0.5713109144050551 0.1466403509469728 0.0
0.5702376839902015 0.14584423482904052 0.0
0.5691400352113283 0.14507677245174921 0.0
0.5680299494752707 0.14432618336979994 0.0
0.5669172360875897 0.1435827753118003 0.0
0.5658033010451524 0.14284493815363467 0.0
0.5646875171671262 0.1421130164574658 0.0
0.5635692576613898 0.14138735485776424 0.0
0.5624478954737171 0.14066829794893942 0.0
0.5613228036898267 0.13995619032099926 0.0
0.5601933552510462 0.13925137658056919 0.0
0.5590589233741469 0.13855420133768775 0.0
0.5579190580089103 0.13786490524738915 0.0
0.5567738873861918 0.13718338990146792 0.0
0.5556236574721888 0.13650948769979354 0.0
0.5544686138532797 0.13584303094549566 0.0
0.553309002857696 0.13518385218404755 0.0
0.5521450700807085 0.1345317836941468 0.0
0.5509770616062284 0.1338866579323416 0.0
0.5498052232694007 0.13324830727847073 0.0
0.5486298010319764 0.13261656414461964 0.0
0.5474510407335468 0.1319912608984112 0.0
0.5462691689430513 0.13137223952236665 0.0
0.5450842813833957 0.1307594050217652 0.0
0.543896421219759 0.130152688593641 0.0
0.54270563084879 0.12955202126598062 0.0
0.5415119527759585 0.12895733414788113 0.0
0.5403154298865535 0.12836855844517953 0.0
0.5391161045727774 0.12778562519807826 0.0
0.5379140195933128 0.12720846558016777 0.0
0.5367092175846823 0.12663701072057573 0.0
0.5355017409390882 0.12607119165950467 0.0
0.5342916324152132 0.12551093957054496 0.0
0.5330789346451335 0.12495618559504029 0.0
0.5318636864625639 0.12440688309317857 0.0
0.530645911344159 0.12386307170929443 0.0
0.5294256297793178 0.12332481221835412 0.0
0.5282028616333011 0.12279216520965876 0.0
0.5269776272600091 0.12226519145035997 0.0
0.525749946782361 0.12174395158203613 0.0
0.524519840183331 0.12122850625066701 0.0
0.5232873277035519 0.12071891615450961 0.0
0.5220524294570505 0.12021524195957428 0.0
0.5208151656800136 0.11971754437633403 0.0
0.5195755563598614 0.11922588403855264 0.0
0.518333621859387 0.11874032168894968 0.0
0.5170893821285539 0.1182609169239168 0.0
0.5158428572749523 0.11778768443570597 0.0
0.5145940675731794 0.11732057726249344 0.0
0.5133430329193599 0.11685954378088285 0.0
0.512089773567206 0.11640453252529767 0.0
0.5108343094039496 0.11595549189677357 0.0
0.5095766606877493 0.11551237041751801 0.0
0.5083168473013907 0.11507511650078264 0.0
0.5070548895119249 0.11464367864434295 0.0
0.5057908074420112 0.11421800536259183 0.0
0.5045246209877745 0.1137980450321329 0.0
0.5032563504029268 0.11338374618738965 0.0
0.5019860155747 0.11297505722939773 0.0
0.5007136432859496 0.11257193954156781 0.0
0.49943931381083495 0.1121744618244283 0.0
0.49816313476779706 0.1117827465027722 0.0
0.4968852136685665 0.11139691629457656 0.0
0.4956056581425877 0.11101709397449712 0.0
0.4943245759548038 0.11064340232500419 0.0
0.49304207448589277 0.11027596404404424 0.0
0.4917582616185117 0.10991490197076624 0.0
0.4904732449909975 0.10956033885539385 0.0
0.4891871319840281 0.10921239739587357 0.0
0.4879000304802605 0.10887120043135434 0.0
0.48661204786926526 0.10853687063535063 0.0
0.48532315867978454 0.10820971440839208 0.0
0.48403276606508094 0.10789082347703977 0.0
0.48274012086204066 0.10758149976183386 0.0
0.48144447389865747 0.10728304520774656 0.0
0.4801450756453375 0.10699676160193018 0.0
0.4788411770566807 0.10672395092160356 0.0
0.47753202883852086 0.10646591506727623 0.0
0.4762168815789779 0.10622395588277919 0.0
0.47489498611493797 0.10599937528865258 0.0
0.4735655931522349 0.10579347518540602 0.0
0.47222834130113656 0.10560712723299928 0.0
0.4708859494691088 0.10543778656002875 0.0
0.4695426055297057 0.1052812791027633 0.0
0.4682025062847594 0.10513342071082343 0.0
0.4668698485838431 0.10499002729270897 0.0
0.4655488292820993 0.10484691470360942 0.0
0.4642436452379936 0.10469989882759259 0.0
0.4629584933133155 0.10454479557760456 0.0
0.4616945491595667 0.10438138518869208 0.0
0.4604318450816106 0.10423719178467544 0.0
0.4591413816573674 0.10415159079182212 0.0
0.4577941255752442 0.10416400213297544 0.0
0.4563610434914464 0.10431384570542393 0.0
0.45483877884335827 0.10464268469601096 0.0
0.45352404734233204 0.10521712993165915 0.0
0.45290616352121144 0.10611936245843226 0.0
0.45320119568999595 0.10732870423277005 0.0
0.45404916502024856 0.10860963122042913 0.0
0.4550554654889272 0.10972728136399182 0.0
0.4560956036026712 0.11064573059584744 0.0
0.4571638796956988 0.11141654653334294 0.0
0.45825510744896003 0.11209167488227129 0.0
0.45936410057228283 0.1127230613451019 0.0
0.4604859815518339 0.1133590077867379 0.0
0.4616188275508192 0.11401295159277196 0.0
0.4627623581936819 0.11467894989639361 0.0
0.4639163107413847 0.11535085173513347 0.0
0.46508042227609636 0.1160225060676122 0.0
0.46625443027422137 0.11668776202360913 0.0
0.4674380718667924 0.11734046857952997 0.0
0.4686310843025563 0.11797447476845904 0.0
0.46983321975091236 0.11858426253700018 0.0
0.47104432087104536 0.11916809763642974 0.0
0.47226426294954466 0.11972564538550023 0.0
0.4734929220141793 0.12025657362772424 0.0
0.4747301737395771 0.12076055003657844 0.0
0.47597589377813443 0.12123724234661959 0.0
0.47722995780447913 0.12168631823132435 0.0
0.47849224160650644 0.1221074454330641 0.0
0.4797626209632191 0.12250029171864213 0.0
0.48104097154479863 0.12286452477375118 0.0
0.48232711801807554 0.12320005884111918 0.0
0.4836204688596959 0.12350881825223246 0.0
0.48492022938770574 0.12379370741721821 0.0
0.48622560349433913 0.124057637324252 0.0
0.48753579542941766 0.12430351911932926 0.0
0.4888500092117817 0.12453426382287218 0.0
0.49016744873366525 0.12475278242305633 0.0
0.4914873181227299 0.12496198602141453 0.0
0.492808821397816 0.12516478563836897 0.0
0.4941311625644252 0.12536409233098986 0.0
0.49545354564139765 0.12556281711969938 0.0
0.4967751746431276 0.1257638710371357 0.0
0.49809534118230986 0.12596986324635726 0.0
0.4994138985546167 0.12618146021973053 0.0
0.5007309231350936 0.12639855968530636 0.0
0.5020464915171017 0.12662105725094036 0.0
0.503360680520537 0.12684884866227755 0.0
0.504673566729868 0.12708182955160555 0.0
0.5059852268383844 0.12731989563232274 0.0
0.5072957375616073 0.12756294255674738 0.0
0.5086051757149866 0.12781086608274042 0.0
0.5099136178829907 0.12806356184258955 0.0
0.5112211408930745 0.12832092556117253 0.0
0.5125278213225922 0.12858285289032262 0.0
0.5138337358746156 0.12884923951656294 0.0
0.5151389370357431 0.12912001269192838 0.0
0.5164433915023924 0.12939521032392523 0.0
0.5177470472864147 0.12967489466876864 0.0
0.5190498524013513 0.1299591279780316 0.0
0.5203517551036401 0.13024797259612161 0.0
0.5216527030388303 0.13054149064537723 0.0
0.5229526444640715 0.13083974446825136 0.0
0.5242515275147093 0.13114279636175694 0.0
0.5255492998356699 0.1314507084499428 0.0
0.5268459098066189 0.13176354311874722 0.0
0.5281413053176924 0.13208136257870104 0.0
0.5294354345037909 0.13240422912803884 0.0
0.530728244970045 0.1327322057603374 0.0
0.532019676128827 0.13306540686577967 0.0
0.5333096532021556 0.13340402687243735 0.0
0.5345981006231592 0.13374826731707196 0.0
0.5358849425761989 0.1340983296597357 0.0
0.5371701031323691 0.13445441529158625 0.0
0.5384535067159052 0.13481672577381706 0.0
0.539735077515615 0.1351854625542644 0.0
0.54101473971586 0.13556082709298053 0.0
0.5422924176276083 0.13594302088226431 0.0
0.5435680355618276 0.13633224541441463 0.0
0.5448415174541134 0.1367287020727745 0.0
0.5461127838180092 0.1371325963213718 0.0
0.5473816772588066 0.13754420742050233 0.0
0.5486479715165276 0.13796388106568686 0.0
0.5499114377160274 0.13839196519632904 0.0
0.5511718468511083 0.13882880773180206 0.0
0.552428970155447 0.13927475669262018 0.0
0.5536825787494521 0.13973016003040317 0.0
0.5549324436313727 0.1401953656523081 0.0
0.556178336157045 0.14067072162331193 0.0
0.5574200273202716 0.14115657586278776 0.0
0.558657287582966 0.1416532796519348 0.0
0.5598898680895756 0.1421612848580753 0.0
0.561117497361715 0.1426811590975892 0.0
0.5623399029328068 0.1432134765028366 0.0
0.5635568120963999 0.14375881110503647 0.0
0.5647679523903631 0.1443177370243329 0.0
0.565973051099353 0.14489082831637679 0.0
0.5671718356390785 0.14547865905684967 0.0
0.5683637779906594 0.14608211020393796 0.0
0.5695455043924108 0.14670548021487712 0.0
0.5707118626736478 0.14735520332114893 0.0
0.5718576738270466 0.148037746437081 0.0
0.5729777582175872 0.14875957630110853 0.0
0.574066936952992 0.14952715989156729 0.0
0.5751200305266261 0.1503469639742527 0.0
