0.5751200305266261 0.1503469639742527 0.0
0.5742661760885579 0.1493205191517099 0.0
0.5733345597571433 0.14836410122034077 0.0
0.5723415201819436 0.147471622443891 0.0
0.5713021265244996 0.14663358273891583 0.0
0.570229574329209 0.14583842048901685 0.0
0.569135250719124 0.14507349727043845 0.0
0.5680291773248437 0.14432566545895448 0.0
0.5669189956555167 0.14358394605279612 0.0
0.5658058793281725 0.14284663798472066 0.0
0.5646894861506095 0.14211430132550293 0.0
0.5635694816154809 0.14138749935800543 0.0
0.5624455417925679 0.1406667982326143 0.0
0.5613173541979118 0.1399527649594134 0.0
0.5601846199776935 0.13924596634925354 0.0
0.5590470562367291 0.13854696717739945 0.0
0.5579044935311477 0.13785616951126622 0.0
0.5567570766524794 0.1371734651714579 0.0
0.5556050051822976 0.1364986448564674 0.0
0.5544484730580224 0.1358314984279033 0.0
0.5532876679265509 0.13517181478590493 0.0
0.5521227718926673 0.13451938247356476 0.0
0.5509539610926503 0.1338739893280538 0.0
0.5497814066315365 0.13323542294626672 0.0
0.5486052743254625 0.13260347063254443 0.0
0.547425725048248 0.13197791920663146 0.0
0.5462429061519063 0.1313585724941199 0.0
0.5450569071034923 0.1307453374843135 0.0
0.5438677950806746 0.13013816074071277 0.0
0.5426756365950793 0.12953698761599702 0.0
0.5414804972723131 0.12894176247631373 0.0
0.5402824419053178 0.12835242855468662 0.0
0.5390815346275506 0.1277689282353969 0.0
0.5378778385642887 0.12719120287173133 0.0
0.5366714159325583 0.12661919289152504 0.0
0.5354623281321709 0.12605283792713598 0.0
0.5342506360167201 0.12549207683107425 0.0
0.5330363989673226 0.12493684756021978 0.0
0.5318196660606783 0.12438710954090078 0.0
0.5306004506561656 0.12384289942678005 0.0
0.5293787590131551 0.12330427109806241 0.0
0.5281545978506451 0.12277127907260998 0.0
0.5269279744184013 0.12224397831048603 0.0
0.5256988965924392 0.12172242433171362 0.0
0.5244673725129905 0.12120667307067179 0.0
0.523233410964322 0.12069678097283532 0.0
0.5219970213791816 0.12019280498255885 0.0
0.5207582136944073 0.11969480255969417 0.0
0.5195169984131746 0.1192028315085662 0.0
0.5182733866026611 0.11871695036448374 0.0
0.5170273905766605 0.11823721613818011 0.0
0.5157790391322481 0.11776364473398354 0.0
0.5145283811718226 0.11729619909786829 0.0
0.5132754654477316 0.11683483878712539 0.0
0.512020340783687 0.11637952240278442 0.0
0.5107630551817394 0.11593020776261379 0.0
0.5095036558622948 0.11548685179117682 0.0
0.5082421898526834 0.11504941080322485 0.0
0.5069787034985189 0.11461784032584665 0.0
0.5057132422881844 0.11419209520059802 0.0
0.5044458514170576 0.11377212955368002 0.0
0.5031765750344315 0.11335789696453816 0.0
0.5019054572432498 0.11294934999967776 0.0
0.5006325369557816 0.11254645434658073 0.0
0.49935782633477993 0.11214925944897518 0.0
0.49808132626269885 0.11175785372494086 0.0
0.49680303827236044 0.11137232722653755 0.0
0.49552296434453763 0.11099277257603588 0.0
0.4942411071457172 0.1106192846927639 0.0
0.4929574700791191 0.11025196103302576 0.0
0.49167205693600213 0.10989090140784982 0.0
0.4903848724708935 0.10953620830302979 0.0
0.4890959221661615 0.10918798676576748 0.0
0.4878052124917851 0.10884634483124474 0.0
0.48651275050141746 0.10851139235186347 0.0
0.48521847870343315 0.10818350317828322 0.0
0.48392212805594537 0.10786393152515802 0.0
0.48262341053161634 0.10755411908290739 0.0
0.4813220737887893 0.10725549995885597 0.0
0.4800179064886369 0.10696949557085303 0.0
0.4787107439614533 0.1066975082015327 0.0
0.4774004730227206 0.10644091270750917 0.0
0.476087035833005 0.10620105161581805 0.0
0.47477043413348985 0.10597921436461497 0.0
0.47345072727476356 0.10577667046594066 0.0
0.47212813205730403 0.10559392920029814 0.0
0.470803343376435 0.10542783768903724 0.0
0.46947708813877936 0.10527389546977367 0.0
0.46814995368348317 0.10512772707430626 0.0
0.46682245138478795 0.10498493772755937 0.0
0.46549507335050594 0.10484099987432885 0.0
0.46416834764923703 0.10469116104257972 0.0
0.4628429450248506 0.10453007238634418 0.0
0.461518751778812 0.10435924738862656 0.0
0.4601913651435788 0.1042153508407129 0.0
0.4588581387847538 0.10414474446490099 0.0
0.45752330179790374 0.10418093203378144 0.0
0.45619799729179544 0.1043407590724838 0.0
0.45489389451526013 0.1046279085248572 0.0
0.4536539358268655 0.1051233136545559 0.0
0.4528942142726187 0.10620113298198858 0.0
0.4532868043566481 0.10748910401489478 0.0
0.4540334693638827 0.108589913608276 0.0
0.4549177322242829 0.10958941094759331 0.0
0.4559037821770944 0.11049084612804456 0.0
0.45697374912969857 0.11128904061301999 0.0
0.4581027092111919 0.11200193476272718 0.0
0.45926141424443867 0.11266528200708664 0.0
0.46042325665315004 0.1133231444032309 0.0
0.4615797942720179 0.113990279080358 0.0
0.46273357851140406 0.11466216708389866 0.0
0.46388736643023004 0.11533404820906516 0.0
0.4650437293114461 0.11600148820646075 0.0
0.4662051203831186 0.11666013973473703 0.0
0.4673738801562927 0.11730562556352538 0.0
0.4685522354300713 0.11793342476996473 0.0
0.46974211032557567 0.11853910532731976 0.0
0.4709438779630127 0.11912083249480904 0.0
0.472157248449159 0.11967795344691468 0.0
0.47338188775276635 0.12020984616383738 0.0
0.4746174320027102 0.12071589117039848 0.0
0.4758634825530879 0.12119548357419353 0.0
0.47711960704919953 0.12164803393777873 0.0
0.4783853387061322 0.12207297406169074 0.0
0.47966017741076006 0.12246975623729416 0.0
0.48094358746345145 0.1228378731347939 0.0
0.4822349595889952 0.12317700056690967 0.0
0.48353319735496714 0.12348881682502123 0.0
0.4848370669620218 0.12377617505143465 0.0
0.48614549270527346 0.12404201817791254 0.0
0.4874575511366873 0.124289310963472 0.0
0.4887724492321157 0.1245210308027477 0.0
0.4900895049364114 0.12474015428120908 0.0
0.49140812613788865 0.12494965184665432 0.0
0.49272778873341205 0.12515248535928 0.0
0.494048016347362 0.12535160907974635 0.0
0.4953683579435211 0.12554997492601774 0.0
0.49668836914958875 0.12575052752983956 0.0
0.4980076243206884 0.1259559951087391 0.0
0.49932597772599435 0.12616717031246757 0.0
0.5006434197570073 0.12638395943027497 0.0
0.5019599449272694 0.1266062486840207 0.0
0.5032755487646109 0.12683392721024817 0.0
0.504590228656838 0.12706688169592223 0.0
0.5059039834270018 0.12730499792546024 0.0
0.5072168135845005 0.12754816047093057 0.0
0.5085287209784953 0.12779625288409552 0.0
0.509839709182175 0.12804915778093512 0.0
0.5111497832004169 0.12830675688465468 0.0
0.5124589491738899 0.1285689310784653 0.0
0.5137672150338727 0.12883556050695844 0.0
0.5150745837096672 0.12910655540161 0.0
0.5163810327755145 0.12938194924968804 0.0
0.5176865327683005 0.12966180779665032 0.0
0.5189910532983838 0.1299461966729053 0.0
0.5202945634617604 0.13023518178177781 0.0
0.5215970311644599 0.1305288288751471 0.0
0.5228984240415799 0.13082720406917714 0.0
0.5241987083894143 0.13113037335741967 0.0
0.5254978499164649 0.13143840282799282 0.0
0.5267958135674823 0.13175135876693223 0.0
0.5280925632290144 0.13206930732690372 0.0
0.5293880619820629 0.13239231497332113 0.0
0.5306822719502451 0.13272044814132805 0.0
0.5319751421357828 0.13305382147983216 0.0
0.5332665988461316 0.1333926290953545 0.0
0.5345565636020259 0.13373707330459528 0.0
0.5358449553944092 0.13408735539281183 0.0
0.5371316903334041 0.1344436758180772 0.0
0.5384166815483831 0.1348062341057377 0.0
0.5396998393634841 0.13517522874628335 0.0
0.5409810709578078 0.1355508569886641 0.0
0.5422602804009877 0.13593331474256173 0.0
0.5435373689464195 0.13632279653293913 0.0
0.5448122340006246 0.13671949529093128 0.0
0.54608476910668 0.13712360582022584 0.0
0.5473548355750478 0.13753540958241847 0.0
0.5486222617500747 0.1379552687303039 0.0
0.5498868674675724 0.1383835482685772 0.0
0.5511484643049304 0.13882061156571035 0.0
0.5524068555366528 0.1392668204761121 0.0
0.5536618357479824 0.13972253488130953 0.0
0.554913190539561 0.140188112361104 0.0
0.5561606959100716 0.14066390760917952 0.0
0.5574041186894124 0.14115027238325034 0.0
0.5586432147500865 0.14164755699837822 0.0
0.5598776918669429 0.1421561994457774 0.0
0.5611072000417028 0.14267673829255725 0.0
0.5623313707379876 0.14320970830521898 0.0
0.5635498198226334 0.14375563198836613 0.0
0.5647621473861788 0.14431501817743908 0.0
0.5659679378769243 0.14488835938981867 0.0
0.5671667598098159 0.1454761322445715 0.0
0.5683579968786487 0.14607912920494265 0.0
0.5695389870630228 0.14670195593804639 0.0
0.5707054775718441 0.14735153354620575 0.0
0.5718526534883646 0.1480346426000485 0.0
0.5729750452694957 0.14875775157613236 0.0
0.5740664651547093 0.14952681109738813 0.0
0.5751200305266261 0.1503469639742527 0.0
