0.47957241484342705 0.09132881834779848 0.0
0.476430435815001 0.09015947648366571 0.0
0.4732569601130562 0.0890589528600127 0.0
0.4700545843662175 0.08803138478471817 0.0
0.466825904883549 0.08708090954891344 0.0
0.46357351829367566 0.08621166446047723 0.0
0.46030002058459263 0.08542778682255384 0.0
0.4570080083864322 0.08473341391426151 0.0
0.45370007832765213 0.08413268304667458 0.0
0.4503788267171487 0.08362973151411997 0.0
0.44704684534255856 0.08322864225180279 0.0
0.44370625138572195 0.08292806321953514 0.0
0.44035829067436527 0.08271665306797724 0.0
0.4370041152858204 0.08258199779924527 0.0
0.433644877287371 0.08251168360719233 0.0
0.43028172907591034 0.08249329651068206 0.0
0.4269158227220715 0.08251442263965522 0.0
0.4235483099786008 0.08256264807534895 0.0
0.4201803432390422 0.0826255589005392 0.0
0.4168130745740285 0.08269074124516673 0.0
0.4134475634710635 0.08274682633801736 0.0
0.4100840309788326 0.08279186474024722 0.0
0.40672225555562386 0.08282889753696039 0.0
0.4033620110279015 0.08286101139331595 0.0
0.4000030712254793 0.08289129291056066 0.0
0.3966452102927084 0.08292282880255725 0.0
0.393288201739841 0.08295870565380493 0.0
0.389931819712903 0.08300201014621032 0.0
0.3865758380383588 0.08305582894493245 0.0
0.38322003092334345 0.0831232414514986 0.0
0.3798641993751457 0.08320567230785722 0.0
0.3765082062069121 0.08330079269143276 0.0
0.3731519221297759 0.083405756216496 0.0
0.3697952191329482 0.0835177165675034 0.0
0.3664379676078334 0.08363382734517384 0.0
0.3630800389048548 0.08375124219407755 0.0
0.35972130437410105 0.08386711476517594 0.0
0.3563616350460991 0.08397859869268294 0.0
0.353000902271105 0.08408284762436437 0.0
0.34963901726261926 0.08417748966929979 0.0
0.34627641948034016 0.08426634978035773 0.0
0.3429139172327216 0.08435759976399076 0.0
0.3395523278926854 0.08445950138305126 0.0
0.3361924678747039 0.08458031634567517 0.0
0.3328351539127939 0.08472830637706552 0.0
0.32948120242094187 0.08491173319462554 0.0
0.32613143045309456 0.08513885853327542 0.0
0.32278665442323856 0.08541794411041839 0.0
0.31944769110595306 0.08575725087727967 0.0
0.31611493211415675 0.08616064240658797 0.0
0.31278734613362086 0.08661725620165273 0.0
0.3094636049966292 0.08711315055692355 0.0
0.3061423795700825 0.08763438384443215 0.0
0.3028223413650284 0.08816701437383673 0.0
0.29950216156792897 0.0886971005339165 0.0
0.29618051200939344 0.08921070065107721 0.0
0.2928560638775585 0.08969387308214188 0.0
0.28952748804267436 0.0901326761352299 0.0
0.28619347056871336 0.09051332455202542 0.0
0.28285345539435136 0.09083042737841203 0.0
0.27950801498698435 0.09109106802658856 0.0
0.2761578129440799 0.09130334249785145 0.0
0.27280351286310567 0.09147534679349713 0.0
0.2694457786610908 0.09161517693156954 0.0
0.2660852736176163 0.09173092886466144 0.0
0.26272266164803654 0.09183069864277298 0.0
0.2593586066693806 0.09192258228394803 0.0
0.25599377164166803 0.09201467572403191 0.0
0.25262879819432654 0.092113879952881 0.0
0.24926414138089975 0.09221743683022231 0.0
0.2459001676997587 0.09231791291782976 0.0
0.24253724236590923 0.09240784423645577 0.0
0.23917573091224378 0.09247976685555642 0.0
0.23581599919624047 0.09252621676546682 0.0
0.23245841211166893 0.09253973000214805 0.0
0.22910333583556877 0.0925128425726827 0.0
0.22575113558127102 0.09243809052977937 0.0
0.22240216907736068 0.0923080610284592 0.0
0.21905569629330532 0.09212306850544122 0.0
0.21570871246891957 0.09189934047096665 0.0
0.21235793380335052 0.09165506595961748 0.0
0.2090000777790153 0.09140843397709732 0.0
0.2056322094999003 0.09117614879143558 0.0
0.20226088366438943 0.09093454568937301 0.0
0.19890303575928403 0.09061579907718685 0.0
0.19557612812802047 0.09014983835399587 0.0
0.19229762407774384 0.08946659287329288 0.0
0.18908083445489568 0.08851392753361018 0.0
0.18589442769291975 0.08743254842425668 0.0
0.18266165566305656 0.08683113482432152 0.0
0.1794063509750424 0.08577225129753975 0.0
0.17609849072716605 0.08513311464978629 0.0
0.17279669140102769 0.08435631342164476 0.0
0.1695966653703997 0.08329310422808114 0.0
0.16661526878861682 0.08182168251070907 0.0
0.16382101064858606 0.07995338750558821 0.0
0.16109587912358542 0.07784168047704837 0.0
0.15927386540474597 0.07524658736346433 0.0
0.15890582398346487 0.07207367158975003 0.0
0.15972105311712737 0.06860550074320698 0.0
0.16140415100688027 0.06514515107175593 0.0
0.16363971587117473 0.06199569873770597 0.0
0.16612237681890007 0.05944065857068262 0.0
0.16873076430498488 0.05740472141891062 0.0
0.17149339157301768 0.05555377032658293 0.0
0.17438731273973973 0.053821310678398085 0.0
0.17737184322818966 0.05222757216420333 0.0
0.1804129664028994 0.05078273823892433 0.0
0.1834991749792197 0.04946301238151015 0.0
0.18662373582132755 0.04823777954600251 0.0
0.18978128933521743 0.04709034499336441 0.0
0.19296830618431995 0.046022562969571267 0.0
0.19618142270995645 0.04503681823856576 0.0
0.1994175482748475 0.044130158827314005 0.0
0.20267370950683672 0.04329733834754816 0.0
0.20594693320504404 0.04253310163994386 0.0
0.20923424679766386 0.041832193770408595 0.0
0.21253286995177945 0.04118965987709456 0.0
0.2158413267683215 0.040602576470872384 0.0
0.2191586792671309 0.04006885960567783 0.0
0.22248399189055998 0.03958642802591838 0.0
0.22581632909770866 0.03915320015643997 0.0
0.22915478491392244 0.03876723952832942 0.0
0.23249858846535992 0.03842726628316557 0.0
0.2358470075691327 0.03813218556098932 0.0
0.23919930963905356 0.03788090408290128 0.0
0.24255476247548674 0.03767232730850381 0.0
0.24591263318943096 0.03750536162258854 0.0
0.24927218959799796 0.03737891216519633 0.0
0.25263269943456196 0.03729188567417535 0.0
0.2559934301799256 0.037243187592380406 0.0
0.2593536564778649 0.03723171508620475 0.0
0.2627129750814351 0.03725596659349519 0.0
0.266071432354796 0.03731388347947697 0.0
0.2694291079204817 0.03740336559308749 0.0
0.2727860817038403 0.03752231311957313 0.0
0.27614243329391064 0.03766862654699421 0.0
0.27949824231322684 0.037840205724288145 0.0
0.2828535883843229 0.03803495050039234 0.0
0.2862085514157994 0.038250761380114615 0.0
0.2895632113330041 0.03848553854870137 0.0
0.2929175274961897 0.03873782572344772 0.0
0.296270698574195 0.03901026875196325 0.0
0.2996216236309507 0.03930712144540637 0.0
0.30296920144567985 0.03963264304748016 0.0
0.3063123299394064 0.039991090834276474 0.0
0.30964990824440974 0.04038672342712298 0.0
0.31298083453428527 0.04082379939710486 0.0
0.3163040073524322 0.041306576373370395 0.0
0.31961832551156855 0.04183931296049978 0.0
0.32292270032396325 0.04242620657339078 0.0
0.3262170451490224 0.04306684987938983 0.0
0.32950296056061745 0.043753074491570634 0.0
0.33278221054609225 0.0444759662733833 0.0
0.33605655752847835 0.04522661036541749 0.0
0.3393277648392491 0.04599609291718976 0.0
0.34259759584337285 0.04677549943909372 0.0
0.34586781356950896 0.04755591574433698 0.0
0.3491401810630645 0.04832842732656566 0.0
0.3524164616890077 0.04908411969617341 0.0
0.35569825721435966 0.04981482004261614 0.0
0.35898509909389087 0.050521856384134076 0.0
0.36227508674840625 0.05121313560821209 0.0
0.3655662902624466 0.051896696367573374 0.0
0.3688567794344861 0.05258057665907065 0.0
0.3721446246686271 0.053272815152174566 0.0
0.37542789640079194 0.05398144990918903 0.0
0.37870466470882247 0.05471451971066177 0.0
0.3819729993761203 0.05548006284105084 0.0
0.3852309711397471 0.056286117730925234 0.0
0.3884771443428322 0.0571386598009161 0.0
0.3917121445765722 0.05803505809029669 0.0
0.39493713609415015 0.058970437602357074 0.0
0.3981532821850403 0.059939923386013255 0.0
0.4013617467845392 0.06093864039585165 0.0
0.4045636935016824 0.06196171369753578 0.0
0.4077602859488556 0.06300426829281686 0.0
0.4109526880596801 0.06406142916823744 0.0
0.4141420631253053 0.06512832134075738 0.0
0.41732957349797684 0.06620007551399151 0.0
0.42051579959962215 0.0672738770555205 0.0
0.4236998821819513 0.06835200338088229 0.0
0.42688074160254885 0.0694375071294949 0.0
0.43005729917265956 0.07053344108688728 0.0
0.4332284755711041 0.07164285787726885 0.0
0.4363931914716791 0.07276881022071738 0.0
0.43955036787109214 0.07391435079014595 0.0
0.44269892608226247 0.07508253233912734 0.0
0.44583778646109984 0.07627640753903575 0.0
0.44896587164262924 0.077499022259203 0.0
0.4520823646172938 0.0787523370995868 0.0
0.4551869934233167 0.08003604460545148 0.0
0.4582795535579831 0.08134955287877624 0.0
0.4613598411526769 0.08269227015090369 0.0
0.4644276520259192 0.08406360450860441 0.0
0.4674827823124431 0.08546296411930875 0.0
0.4705250278257458 0.08688975716565568 0.0
0.47355418438166885 0.08834339178554561 0.0
0.4765700481159503 0.08982327612723517 0.0
0.47957241484342705 0.09132881834779848 0.0
