1.00000000e+00 2.00000000e-03
9.90936015e-01 7.64919714e-03
9.81814473e-01 1.32034789e-02
9.72636704e-01 1.86632922e-02
9.63404035e-01 2.40290840e-02
9.54117794e-01 2.93013013e-02
9.44779311e-01 3.44803911e-02
9.35389913e-01 3.95668003e-02
9.25950928e-01 4.45609760e-02
9.16463686e-01 4.94633650e-02
9.06929514e-01 5.42744143e-02
8.97349742e-01 5.89945739e-02
8.87725758e-01 6.36245645e-02
8.78059064e-01 6.81655970e-02
8.68351171e-01 7.26189339e-02
8.58603590e-01 7.69858376e-02
8.48817832e-01 8.12675705e-02
8.38995410e-01 8.54653950e-02
8.29137835e-01 8.95805737e-02
8.19246618e-01 9.36143688e-02
8.09323271e-01 9.75680428e-02
7.99369305e-01 1.01442858e-01
7.89386067e-01 1.05239925e-01
7.79374362e-01 1.08959847e-01
7.69334881e-01 1.12603126e-01
7.59268316e-01 1.16170262e-01
7.49175357e-01 1.19661755e-01
7.39056696e-01 1.23078105e-01
7.28913026e-01 1.26419814e-01
7.18745037e-01 1.29687381e-01
7.08553420e-01 1.32881306e-01
6.98338868e-01 1.36002089e-01
6.88101868e-01 1.39049305e-01
6.77842412e-01 1.42020250e-01
6.67560412e-01 1.44911870e-01
6.57255781e-01 1.47721111e-01
6.46928434e-01 1.50444919e-01
6.36578284e-01 1.53080241e-01
6.26205243e-01 1.55624024e-01
6.15809227e-01 1.58073212e-01
6.05390148e-01 1.60424753e-01
5.94947938e-01 1.62675593e-01
5.84483006e-01 1.64822665e-01
5.73996256e-01 1.66862889e-01
5.63488614e-01 1.68793186e-01
5.52961009e-01 1.70610474e-01
5.42414368e-01 1.72311674e-01
5.31849618e-01 1.73893705e-01
5.21267686e-01 1.75353489e-01
5.10669500e-01 1.76687943e-01
5.00055987e-01 1.77893988e-01
4.89428196e-01 1.78969277e-01
4.78787672e-01 1.79914441e-01
4.68136085e-01 1.80730865e-01
4.57475104e-01 1.81419939e-01
4.46806401e-01 1.81983048e-01
4.36131646e-01 1.82421580e-01
4.25452508e-01 1.82736921e-01
4.14770657e-01 1.82930460e-01
4.04087765e-01 1.83003583e-01
3.93405477e-01 1.82957597e-01
3.82725100e-01 1.82792707e-01
3.72047693e-01 1.82508304e-01
3.61374308e-01 1.82103760e-01
3.50705999e-01 1.81578447e-01
3.40043819e-01 1.80931737e-01
3.29388818e-01 1.80163003e-01
3.18742052e-01 1.79271617e-01
3.08104571e-01 1.78256951e-01
2.97477436e-01 1.77118365e-01
2.86862540e-01 1.75853408e-01
2.76263459e-01 1.74455991e-01
2.65683969e-01 1.72919589e-01
2.55127845e-01 1.71237679e-01
2.44598865e-01 1.69403736e-01
2.34100803e-01 1.67411236e-01
2.23637437e-01 1.65253654e-01
2.13212543e-01 1.62924466e-01
2.02829896e-01 1.60417147e-01
1.92493471e-01 1.57724999e-01
1.82209109e-01 1.54839674e-01
1.71983677e-01 1.51751924e-01
1.61824052e-01 1.48452487e-01
1.51737110e-01 1.44932106e-01
1.41730405e-01 1.41181326e-01
1.31816076e-01 1.37189378e-01
1.22008171e-01 1.32944944e-01
1.12320740e-01 1.28436705e-01
1.02767837e-01 1.23653343e-01
9.33638838e-02 1.18583739e-01
8.41270294e-02 1.13218774e-01
7.50775784e-02 1.07550493e-01
6.62359646e-02 1.01568763e-01
5.76230469e-02 9.52544760e-02
4.92598013e-02 8.85862223e-02
4.11820868e-02 8.15455085e-02
3.34713278e-02 7.41227748e-02
2.62176393e-02 6.63101648e-02
1.94952754e-02 5.80890127e-02
1.32701414e-02 4.93668133e-02
7.56070565e-03 4.00415375e-02
2.96359182e-03 3.01371905e-02
2.87101744e-04 1.97239482e-02
3.35852600e-04 8.87816397e-03
3.56219861e-03 -1.78601936e-03
9.79582120e-03 -1.07038439e-02
1.87144127e-02 -1.64115319e-02
2.89884559e-02 -1.97254747e-02
3.94434128e-02 -2.20127128e-02
5.00002042e-02 -2.34000183e-02
6.06492710e-02 -2.39681176e-02
7.13443296e-02 -2.39734497e-02
8.20330456e-02 -2.37025405e-02
9.27006061e-02 -2.32760267e-02
1.03356901e-01 -2.27051702e-02
1.14008553e-01 -2.20048471e-02
1.24656151e-01 -2.11989688e-02
1.35299732e-01 -2.03122768e-02
1.45939331e-01 -1.93695124e-02
1.56575005e-01 -1.83944833e-02
1.67207101e-01 -1.73979869e-02
1.77836179e-01 -1.63812760e-02
1.88462804e-01 -1.53453832e-02
1.99087541e-01 -1.42913415e-02
2.09710859e-01 -1.32199436e-02
2.20332721e-01 -1.21307403e-02
2.30952930e-01 -1.10228808e-02
2.41571290e-01 -9.89551429e-03
2.52187602e-01 -8.74778998e-03
2.62801669e-01 -7.57885701e-03
2.73413293e-01 -6.38786456e-03
2.84022277e-01 -5.17396178e-03
2.94628423e-01 -3.93629785e-03
3.05231546e-01 -2.67410065e-03
3.15831737e-01 -1.38846574e-03
3.26429371e-01 -8.23886350e-05
3.37024836e-01 1.24105000e-03
3.47618518e-01 2.57876947e-03
3.58210806e-01 3.92768909e-03
3.68802086e-01 5.28472820e-03
3.79392745e-01 6.64680610e-03
3.89983172e-01 8.01084211e-03
4.00573753e-01 9.37375561e-03
4.11164828e-01 1.07328295e-02
4.21756576e-01 1.20865832e-02
4.32349141e-01 1.34337988e-02
4.42942669e-01 1.47732586e-02
4.53537304e-01 1.61037446e-02
4.64133190e-01 1.74240391e-02
4.74730472e-01 1.87329242e-02
4.85329295e-01 2.00291820e-02
4.95929803e-01 2.13115946e-02
5.06532130e-01 2.25790271e-02
5.17136260e-01 2.38315074e-02
5.27742069e-01 2.50699219e-02
5.38349429e-01 2.62951769e-02
5.48958211e-01 2.75081786e-02
5.59568287e-01 2.87098334e-02
5.70179531e-01 2.99010475e-02
5.80791812e-01 3.10827274e-02
5.91405005e-01 3.22557793e-02
6.02018981e-01 3.34211039e-02
6.12633767e-01 3.45782811e-02
6.23249747e-01 3.57238605e-02
6.33867351e-01 3.68539689e-02
6.44487011e-01 3.79647330e-02
6.55109160e-01 3.90522795e-02
6.65734228e-01 4.01127354e-02
6.76362648e-01 4.11422272e-02
6.86994850e-01 4.21368818e-02
6.97631268e-01 4.30928258e-02
7.08272314e-01 4.40054237e-02
7.18918266e-01 4.48639766e-02
7.29569334e-01 4.56548907e-02
7.40225726e-01 4.63645544e-02
7.50887653e-01 4.69793564e-02
7.61555325e-01 4.74856849e-02
7.72228950e-01 4.78699284e-02
7.82908740e-01 4.81184753e-02
7.93594904e-01 4.82177141e-02
8.04287576e-01 4.81540578e-02
8.14984018e-01 4.79148748e-02
8.25677764e-01 4.74887707e-02
8.36362100e-01 4.68644341e-02
8.47030313e-01 4.60305530e-02
8.57675690e-01 4.49758158e-02
8.68291516e-01 4.36889108e-02
8.78871079e-01 4.21585262e-02
8.89407665e-01 4.03733505e-02
8.99894561e-01 3.83220717e-02
9.10324513e-01 3.59946577e-02
9.20688050e-01 3.33863512e-02
9.30975127e-01 3.04937541e-02
9.41175698e-01 2.73134684e-02
9.51279719e-01 2.38420959e-02
9.61277145e-01 2.00762386e-02
9.71157931e-01 1.60124984e-02
9.80912032e-01 1.16474773e-02
9.90529404e-01 6.97777719e-03
1.00000000e+00 2.00000000e-03
