0.47967108834109773 0.08756062949830652 0.0
0.476596267237374 0.08635566609910654 0.0
0.4735466292429805 0.08508731307273357 0.0
0.47049167397368163 0.0838325688120342 0.0
0.4674168087320606 0.08262693737130747 0.0
0.4643231641923793 0.08147010988618417 0.0
0.46121455566370384 0.08035451373649989 0.0
0.45809561526690834 0.07926799642215099 0.0
0.4549708279643301 0.0781984558263997 0.0
0.45184217200866184 0.07714045282886693 0.0
0.4487102478268076 0.07609221572140445 0.0
0.44557560338615265 0.07505212388941336 0.0
0.44243852739078704 0.07401935823194888 0.0
0.43929919648266524 0.072993446418424 0.0
0.4361577799411577 0.0719739343178657 0.0
0.4330143171659184 0.07096076106087314 0.0
0.429868714986414 0.06995426146212927 0.0
0.42672087387845303 0.0689547876274892 0.0
0.42357069924556245 0.06796268323715783 0.0
0.4204181206236717 0.0669782350443159 0.0
0.417263078040235 0.06600170692787978 0.0
0.41410551153108055 0.06503336260698508 0.0
0.41094535275151955 0.06407349730934653 0.0
0.40778248818067814 0.06312258346919529 0.0
0.4046167882343884 0.06218115545295065 0.0
0.4014481239592312 0.06124974782030758 0.0
0.39827636594824617 0.060328897670705185 0.0
0.3951013942795676 0.05941916900486133 0.0
0.3919230943141898 0.058521141193040846 0.0
0.3887413510834975 0.05763539378049793 0.0
0.38555604919547887 0.05676250827702027 0.0
0.3823670603453195 0.055903159724774526 0.0
0.37917423834423547 0.05505815652471634 0.0
0.3759774348697159 0.05422831722003023 0.0
0.3727765028774954 0.053414460420890764 0.0
0.36957128513311344 0.052617489119801936 0.0
0.36636158085839926 0.051838751969127385 0.0
0.36314717360741466 0.051079743721468444 0.0
0.35992784724373417 0.05034195933791082 0.0
0.35670338946127733 0.04962688183563629 0.0
0.35347373132029036 0.04893550871766012 0.0
0.3502389949757258 0.04826819332532059 0.0
0.3469993161553809 0.04762524401665573 0.0
0.343754829579801 0.047006970026189275 0.0
0.3405056733674749 0.04641368300959769 0.0
0.33725199714518006 0.04584571349071287 0.0
0.33399395567078355 0.045303398030180436 0.0
0.3307317045770992 0.0447870748366958 0.0
0.32746539868898417 0.04429707919265878 0.0
0.32419521671962626 0.043833620738499876 0.0
0.3209213752438752 0.04339669416159018 0.0
0.31764409480122185 0.042986273528534 0.0
0.31436359621722343 0.0426023335618061 0.0
0.31108009795332103 0.04224488186521562 0.0
0.3077937989578352 0.0419142127742898 0.0
0.3045048879508783 0.041610760761305314 0.0
0.3012135545442568 0.041334961627027184 0.0
0.29791998809720605 0.041087249877227124 0.0
0.29462439483509295 0.04086797053775284 0.0
0.291327014314967 0.04067730343249399 0.0
0.28802808825974113 0.04051541151557333 0.0
0.28472785904819875 0.04038245745504717 0.0
0.28142657192658194 0.040278640919751314 0.0
0.2781244904761201 0.040204398703071596 0.0
0.27482188527853446 0.04016026025174951 0.0
0.2715190266127325 0.04014675467621759 0.0
0.2682161862354786 0.04016440123074588 0.0
0.26491365221924323 0.04021349956253869 0.0
0.26161172924098663 0.040294142544435065 0.0
0.25831072273266575 0.040406414757423834 0.0
0.25501093730289215 0.040550404264174805 0.0
0.25171270040442023 0.040726368555122704 0.0
0.24841637379447 0.0409348399326795 0.0
0.24512232180893587 0.0411763748673361 0.0
0.24183091004521057 0.04145153021613489 0.0
0.23854252093152328 0.04176084128744443 0.0
0.23525757052564022 0.04210480701982374 0.0
0.23197647838239704 0.04248392076720074 0.0
0.22869966779694906 0.042898690114760024 0.0
0.22542769413506963 0.043350153647444954 0.0
0.22216128810107114 0.04384004587244629 0.0
0.218901192337745 0.04437014864265212 0.0
0.21564816502445272 0.044942240844005686 0.0
0.2124031086401988 0.045558074958324105 0.0
0.20916700394576757 0.04621938943314281 0.0
0.20594083744001979 0.04692793551384392 0.0
0.2027259664041153 0.0476863136869112 0.0
0.19952434269423025 0.048498484876913515 0.0
0.1963379719738273 0.049368532800758196 0.0
0.19316910049311148 0.05030065488252149 0.0
0.190020553837543 0.05129932282623537 0.0
0.1868952640263807 0.05236908018070721 0.0
0.18379757769269245 0.05351661412367972 0.0
0.18073413866217272 0.05475209279720905 0.0
0.17771220085945716 0.05608633707200475 0.0
0.17474230170814523 0.05753290966143453 0.0
0.1718371443439085 0.059107176550799875 0.0
0.1690200853384087 0.06083329393784272 0.0
0.16632615644292398 0.06274499898237006 0.0
0.1638170123245726 0.06489732208158919 0.0
0.16162763061136715 0.06737384497259939 0.0
0.1601789199072804 0.07031850204355707 0.0
0.16146543733012383 0.07316812910835953 0.0
0.16414818631945813 0.07508726203585461 0.0
0.1671321057304306 0.07650878926524304 0.0
0.17024339816921125 0.0776246659123411 0.0
0.173420653451395 0.07852910559691642 0.0
0.17663795783962757 0.0792776470286161 0.0
0.17988207787360624 0.07990214341936068 0.0
0.18314339156876974 0.08042767760053585 0.0
0.18641651343938706 0.0808713946703573 0.0
0.18969827235375783 0.08124629069927798 0.0
0.19298591232228648 0.08156392830411151 0.0
0.1962780214997229 0.08183112479347118 0.0
0.19957347327034938 0.08205369092829201 0.0
0.20287123458404976 0.08223714708839698 0.0
0.2061707248031863 0.08238560214863029 0.0
0.20947150138319498 0.08250273728892815 0.0
0.2127731239972927 0.08259221582881943 0.0
0.21607527229879747 0.08265701368905011 0.0
0.21937777916458578 0.08269921307265865 0.0
0.22268048861915005 0.08272083633208141 0.0
0.22598324623988747 0.08272390064593702 0.0
0.22928595189033096 0.0827102800457828 0.0
0.2325885636459547 0.0826816916507107 0.0
0.2358910438423571 0.08263984466392178 0.0
0.23919335356536128 0.08258644767837267 0.0
0.24249546689767745 0.0825230102063914 0.0
0.24579738458372935 0.08245053913884705 0.0
0.24909911272587892 0.08236996358842921 0.0
0.2524006580689606 0.0822822126374102 0.0
0.25570202622526633 0.0821882125208877 0.0
0.2590032314518043 0.08208882846678067 0.0
0.2623042956212752 0.0819848659877449 0.0
0.2656052404191236 0.08187712805515324 0.0
0.2689060878520301 0.08176641762516987 0.0
0.27220685956252755 0.08165352625928496 0.0
0.2755075737868924 0.08153904759747442 0.0
0.27880824632397255 0.08142340778660556 0.0
0.282108892293615 0.08130702758662689 0.0
0.28540952713522827 0.08119032777423446 0.0
0.28871016630831764 0.08107372874265058 0.0
0.29201082377936355 0.08095763045896534 0.0
0.2953115117740879 0.08084240496249054 0.0
0.29861224294194333 0.08072842232161323 0.0
0.30191302897537303 0.08061605252252184 0.0
0.305213882525002 0.08050566561123411 0.0
0.30851481470069986 0.08039761211838577 0.0
0.31181583153663917 0.08029216822307485 0.0
0.3151169390304257 0.08018959245910336 0.0
0.31841814254104456 0.08009014331719148 0.0
0.3217194477468751 0.07999407930800251 0.0
0.3250208598747648 0.07990166144359644 0.0
0.32832238260838587 0.07981319852460232 0.0
0.331624017716151 0.07972904201131585 0.0
0.3349257668877266 0.07964954486661067 0.0
0.33822763149318347 0.07957506003725205 0.0
0.3415296135419337 0.07950594049934595 0.0
0.34483171299579696 0.07944251104160581 0.0
0.3481339227010076 0.07938499376681664 0.0
0.35143623416300995 0.07933358744681761 0.0
0.3547386388882531 0.07928849083427425 0.0
0.3580411287020774 0.07924990271138202 0.0
0.36134369447115844 0.07921802792407387 0.0
0.36464632355253 0.07919318108663603 0.0
0.3679489986466006 0.0791757717813962 0.0
0.37125170324800283 0.07916621277901802 0.0
0.37455441989318755 0.0791649167903358 0.0
0.37785713208030414 0.0791722965189053 0.0
0.3811598181561101 0.07918874679017791 0.0
0.3844624461203461 0.07921462140305859 0.0
0.38776498330463793 0.07925026856181855 0.0
0.39106739640801963 0.07929603631260508 0.0
0.3943696521211518 0.07935227286134615 0.0
0.3976717132380869 0.07941935796527701 0.0
0.40097352529024094 0.07949779288469205 0.0
0.4042750300363532 0.07958810806643818 0.0
0.4075761692385125 0.07969083389344998 0.0
0.41087688433757175 0.07980650076387072 0.0
0.41417710856740897 0.07993567950172606 0.0
0.41747674786254596 0.08007905828713618 0.0
0.42077570415601917 0.08023734662402325 0.0
0.4240738790613038 0.0804112539995619 0.0
0.42737117081475506 0.08060150542545783 0.0
0.43066742580664397 0.08080911816051682 0.0
0.43396244254308003 0.0810353689130478 0.0
0.43725601745003706 0.08128154351099194 0.0
0.44054794664031083 0.0815489337580896 0.0
0.44383796379637475 0.08183906274770486 0.0
0.44712572516593907 0.08215375104825866 0.0
0.4504108818057444 0.08249483879130823 0.0
0.45369302421391844 0.08286447174187785 0.0
0.4569712211886745 0.08326742530916392 0.0
0.4602442757588151 0.08370981633545399 0.0
0.46351094030415396 0.0841978109518209 0.0
0.4667693867765884 0.08473803601389449 0.0
0.47001740435486505 0.08533742120111519 0.0
0.47325255591607285 0.08600275692955422 0.0
0.47647187066030317 0.08674059182381998 0.0
0.47967108834109773 0.08756062949830652 0.0
