0.5751200305266261 0.1503469639742527 0.0
0.5743201546360888 0.14925548695045046 0.0
0.5734892714214681 0.14818742431842508 0.0
0.5725566932255073 0.14720690335352243 0.0
0.571555515958941 0.14629653600649578 0.0
0.5705205941055381 0.14542472147426438 0.0
0.569464653662679 0.14457848649803887 0.0
0.5683926936031517 0.14375263799818594 0.0
0.5673079308905693 0.14294367966902932 0.0
0.5662130580980985 0.1421484578625845 0.0
0.5651099390362371 0.14136471543410062 0.0
0.5639996753222246 0.14059112739848545 0.0
0.5628831870014755 0.13982655063626387 0.0
0.5617612033470095 0.13907006095486676 0.0
0.5606343824089765 0.1383207956715664 0.0
0.5595032151497594 0.13757810829307124 0.0
0.5583681401033245 0.13684140704975606 0.0
0.5572294736428106 0.13611026932468756 0.0
0.5560873930305222 0.13538447606036041 0.0
0.5549420657856061 0.1346638171039299 0.0
0.5537936664832024 0.1339480636765584 0.0
0.5526423730473833 0.1332369747575352 0.0
0.5514883591994226 0.13253030947040767 0.0
0.5503317840459037 0.13182784390648591 0.0
0.5491727984320708 0.1311293624113279 0.0
0.54801154241258 0.1304346622532293 0.0
0.5468480551406959 0.12974370541678595 0.0
0.5456823130681185 0.12905655964117727 0.0
0.5445142939774179 0.12837329166970854 0.0
0.5433440319635832 0.12769387206314997 0.0
0.5421716236773387 0.12701816298759455 0.0
0.5409971675373593 0.12634601985125996 0.0
0.5398207402387288 0.1256773322811008 0.0
0.5386423639234869 0.125012085813902 0.0
0.5374620504441655 0.12435028209361038 0.0
0.5362798098460038 0.12369192734957576 0.0
0.5350956268133837 0.12303707278338172 0.0
0.533909472541759 0.12238579563439696 0.0
0.53272131859962 0.12173817363745677 0.0
0.5315311579090186 0.12109424714426582 0.0
0.5303390254648832 0.12045397816151783 0.0
0.529144961485154 0.1198173189069345 0.0
0.5279489987738739 0.11918423360567229 0.0
0.5267511003530535 0.11855481853259878 0.0
0.5255511894175048 0.1179292485992489 0.0
0.5243491901898915 0.11730770083438813 0.0
0.5231450276586238 0.11669035434395127 0.0
0.5219386277440321 0.11607739175495596 0.0
0.5207299175543639 0.11546899737187424 0.0
0.5195188230737277 0.11486536352895468 0.0
0.5183052205752177 0.11426678759248476 0.0
0.5170889523885323 0.11367364726425015 0.0
0.5158698643963415 0.11308632416773157 0.0
0.5146478054221415 0.11250520819062447 0.0
0.5134226219845617 0.111930708856502 0.0
0.5121941654872872 0.11136324203227478 0.0
0.5109623002317639 0.11080321361488459 0.0
0.5097269726796388 0.11025086420301211 0.0
0.5084881835369652 0.10970632298941874 0.0
0.507245935486813 0.10916971905638223 0.0
0.5060000981378657 0.10864150187379727 0.0
0.5047503030180841 0.10812271877897237 0.0
0.5034961774791066 0.10761449319964403 0.0
0.5022373194935834 0.10711810568066449 0.0
0.5009731157913899 0.10663549545112183 0.0
0.499702949755639 0.10616880250292333 0.0
0.49842635809504066 0.10571998426875069 0.0
0.49714349894900806 0.10528940750349493 0.0
0.49585477446060366 0.10487671763485786 0.0
0.4945605695716771 0.1044815499562047 0.0
0.4932612509216301 0.10410353531284429 0.0
0.4919571682585441 0.10374229812546137 0.0
0.4906486454325837 0.10339749101799585 0.0
0.4893359114394453 0.10306908043813671 0.0
0.48801915164219156 0.10275720288573334 0.0
0.48669856527891364 0.10246194761703686 0.0
0.4853744269383234 0.1021830543287055 0.0
0.48404702840131386 0.10192011513730094 0.0
0.4827166020382071 0.10167295190513703 0.0
0.481383218667009 0.10144227354613924 0.0
0.48004693948928506 0.10122900848322894 0.0
0.4787078177312627 0.10103438908156077 0.0
0.47736589419223285 0.10086013264117911 0.0
0.4760212920563315 0.10070791825844046 0.0
0.47467429520217 0.10057859962974047 0.0
0.4733252614533573 0.10047261899743883 0.0
0.47197453447237475 0.10039100674792967 0.0
0.470622474039168 0.1003357216472476 0.0
0.46926954686445 0.10030903758306364 0.0
0.46791636575183826 0.10031401789238548 0.0
0.466563764807791 0.10035395360159977 0.0
0.4652128504814693 0.10043239986355838 0.0
0.4638651258013081 0.10055390363639022 0.0
0.46252306211067934 0.10072707080465304 0.0
0.46119081850591787 0.10096425241534651 0.0
0.45987583841406476 0.10128354822854878 0.0
0.4585869373256641 0.10169568936539061 0.0
0.4573331953953312 0.10220485122822826 0.0
0.45612603463640855 0.10281633771913587 0.0
0.4549876212871065 0.10354778625550197 0.0
0.45395702100215074 0.10442504699118647 0.0
0.4531329275602902 0.1054968379407193 0.0
0.4529476951154181 0.10683376520093933 0.0
0.4539243483692973 0.107775714286834 0.0
0.4550553464082757 0.10851569470491036 0.0
0.4562434103111657 0.1091645028022184 0.0
0.45745751798642326 0.10976175394869966 0.0
0.45868783497333443 0.11032525711929657 0.0
0.4599315389889022 0.11085845502207477 0.0
0.46118510215659214 0.1113680722976479 0.0
0.46244619372418805 0.11185875560993176 0.0
0.46371392564450437 0.11233202110467745 0.0
0.46498762282502487 0.11278898870848388 0.0
0.4662667901900655 0.11323041211370527 0.0
0.46755099957544893 0.11365694502370491 0.0
0.46883993635428367 0.11406897142922352 0.0
0.4701333542083242 0.11446670778955201 0.0
0.4714316020530007 0.11484838358541868 0.0
0.4727354904519069 0.11521032137076612 0.0
0.47404550907521453 0.11554940150639224 0.0
0.47536098177670705 0.11586666372524008 0.0
0.4766809075895716 0.11616485778093122 0.0
0.47800437647803445 0.11644691120250375 0.0
0.4793304377364243 0.11671651398052837 0.0
0.4806582016021118 0.11697760182874398 0.0
0.48198690897207247 0.11723384497983998 0.0
0.4833162393994424 0.11748683615156738 0.0
0.4846460687410834 0.11773719199295943 0.0
0.4859762761750982 0.11798553067066386 0.0
0.48730673253087425 0.11823253205888054 0.0
0.4886372941432088 0.11847896602785288 0.0
0.48996781694007313 0.11872560926698758 0.0
0.4912981624753571 0.11897320742472973 0.0
0.49262824616258455 0.11922220803404064 0.0
0.4939580149036021 0.11947288507276826 0.0
0.4952874147605899 0.11972551102477963 0.0
0.49661638905571726 0.11998036666224894 0.0
0.4979448684458083 0.12023778922049126 0.0
0.49927277737279824 0.12049813871150665 0.0
0.5006000376753561 0.12076177469781896 0.0
0.5019265720524305 0.12102903955466478 0.0
0.5032523264160746 0.12130014688362854 0.0
0.5045772576297894 0.12157524902968474 0.0
0.5059013211178326 0.12185449773096041 0.0
0.5072244704826162 0.12213804593011697 0.0
0.5085466526754854 0.12242607054489091 0.0
0.5098678082889577 0.12271876824432085 0.0
0.5111878755275919 0.12301633579670125 0.0
0.5125067905459034 0.123318969141166 0.0
0.5138244946212146 0.12362683265770269 0.0
0.5151409412329084 0.12394002945450842 0.0
0.5164560843177926 0.12425865568159894 0.0
0.5177698764466825 0.12458280706098118 0.0
0.5190822661798657 0.12491259033349777 0.0
0.5203931826781004 0.1252481822639212 0.0
0.5217025453093651 0.12558978614237026 0.0
0.523010270973871 0.12593760481730207 0.0
0.524316273436133 0.1262918383495907 0.0
0.5256204788963602 0.12665263172812066 0.0
0.5269228303526869 0.12702006136427607 0.0
0.5282232706024008 0.1273941992800336 0.0
0.5295217411079212 0.12777511698384925 0.0
0.5308181758841792 0.12816290644598566 0.0
0.532112481303115 0.12855774508756326 0.0
0.5334045533945713 0.1289598315225839 0.0
0.53469428506325 0.12936936344894004 0.0
0.5359815656117477 0.12978653553801073 0.0
0.5372662887101444 0.13021151867868222 0.0
0.5385483498887597 0.13064446534556357 0.0
0.5398276422059239 0.1310855268230128 0.0
0.5411040547528206 0.13153485389219755 0.0
0.5423774556945459 0.13199264646615663 0.0
0.5436476789377886 0.13245918337834695 0.0
0.5449145497978862 0.1329347484421355 0.0
0.5461778869024975 0.1334196229399332 0.0
0.5474375094874702 0.13391406709834322 0.0
0.548693247853551 0.13441829439934114 0.0
0.5499449293718893 0.13493250964974507 0.0
0.5511923755476169 0.1354569159086782 0.0
0.5524353576051895 0.13599181713101813 0.0
0.5536735374909261 0.13653774263222462 0.0
0.5549065476892537 0.13709524565945483 0.0
0.5561340055870091 0.13766486924729235 0.0
0.5573555458637434 0.13824707471046727 0.0
0.558570827282245 0.13884223438988377 0.0
0.559779496879958 0.13945070951078548 0.0
0.5609811066931242 0.14007300980407877 0.0
0.5621748313481577 0.1407103052519297 0.0
0.5633596981180101 0.14136392172487067 0.0
0.5645346725260214 0.14203515862029772 0.0
0.5656986272580025 0.14272532790428583 0.0
0.5668503490154021 0.14343572273954464 0.0
0.5679881639694293 0.1441681851069503 0.0
0.5691084269596642 0.1449272205316257 0.0
0.5702065307166003 0.14571797481328888 0.0
0.571275655651038 0.14654749024957858 0.0
0.5723062242940604 0.14742444661250526 0.0
0.5732895692229786 0.14835404687966133 0.0
0.574222030320518 0.14933467975762876 0.0
0.5751200305266261 0.1503469639742527 0.0
