0.4796878358470954 0.08724106804718505 0.0
0.47651056813862913 0.08625059514433274 0.0
0.4733133627776931 0.08533234349969757 0.0
0.470097777780357 0.0844844291147859 0.0
0.466865371481917 0.08370496801424288 0.0
0.46361770094076316 0.08299207613015866 0.0
0.46035632480991073 0.08234386953907766 0.0
0.45708280078787766 0.08175846418741137 0.0
0.4537986865688274 0.08123397610465727 0.0
0.4505055404910706 0.08076852125793942 0.0
0.4472049187213031 0.0803602142508597 0.0
0.44389813861076977 0.08000698182692922 0.0
0.44058604461127004 0.07970637644306772 0.0
0.43726942326250307 0.07945590608836811 0.0
0.4339490620595027 0.07925307886607814 0.0
0.43062574850232727 0.07909540278357713 0.0
0.4273002697681241 0.07898038589540915 0.0
0.423973412712804 0.07890553627132696 0.0
0.4206459651576615 0.0788683619035012 0.0
0.41731871427816924 0.07886637087843214 0.0
0.4139924128798327 0.0788970606372458 0.0
0.4106673319779669 0.07895777900907987 0.0
0.40734338628830713 0.07904576321620993 0.0
0.4040204823301988 0.0791582479044147 0.0
0.4006985256626283 0.07929246770118649 0.0
0.3973774224870545 0.07944565720360038 0.0
0.3940570796423844 0.07961505107418257 0.0
0.39073740268894414 0.07979788391486049 0.0
0.38741829782718784 0.07999139034188286 0.0
0.38409967125673194 0.08019280498747652 0.0
0.3807814322238465 0.08039961006742245 0.0
0.37746350319616306 0.08061044793217848 0.0
0.3741458109579566 0.08082430045542291 0.0
0.3708282816516997 0.08104014952846883 0.0
0.3675108417394262 0.08125697705937684 0.0
0.3641934180028992 0.08147376496975947 0.0
0.36087593690431996 0.08168949516448169 0.0
0.3575583252252841 0.08190314956835162 0.0
0.3542405091084313 0.08211371006948676 0.0
0.3509224155209385 0.0823201611659343 0.0
0.34760399707519574 0.08252178065186039 0.0
0.3442852568264616 0.08271840628561837 0.0
0.3409662025418794 0.082909938776034 0.0
0.33764684230815367 0.08309627884868057 0.0
0.33432718453104815 0.08327732725546566 0.0
0.33100723761867096 0.0834529847035583 0.0
0.32768700933649053 0.0836231519337404 0.0
0.32436650777238385 0.08378772964921591 0.0
0.32104574165167593 0.08394661861863997 0.0
0.31772471865862895 0.08409972724664751 0.0
0.3144034475032439 0.08424709110984127 0.0
0.3110819371979898 0.08438885007157529 0.0
0.30776019659958387 0.08452514696712511 0.0
0.304438234880955 0.08465612471242608 0.0
0.3011160602546732 0.08478192620512714 0.0
0.2977936822149036 0.084902694345955 0.0
0.29447110929712716 0.08501857198539384 0.0
0.2911483506709235 0.08512970210329128 0.0
0.2878254151946843 0.08523622750296671 0.0
0.28450231069467924 0.08533815782322508 0.0
0.2811790389615244 0.08543480466234937 0.0
0.277855600566172 0.08552525220312526 0.0
0.2745319954538491 0.08560858433919422 0.0
0.2712082238843202 0.08568388507681367 0.0
0.267884286115675 0.08575023845419721 0.0
0.26456018273393833 0.08580672836652518 0.0
0.2612359133564023 0.08585243885047229 0.0
0.25791147824618077 0.0858864538483837 0.0
0.25458687853631023 0.08590785904652273 0.0
0.25126214073303405 0.0859159224449385 0.0
0.2479373427994192 0.08591025700147484 0.0
0.24461256805884232 0.0858905140230686 0.0
0.24128790015591636 0.08585634480144806 0.0
0.23796342209278182 0.0858074006587587 0.0
0.2346392178352877 0.08574333287152013 0.0
0.23131537006768788 0.08566379271317417 0.0
0.2279919627524819 0.08556843152415276 0.0
0.22466907921304644 0.08545690061139274 0.0
0.22134680811698254 0.08532877987967191 0.0
0.21802531336216824 0.08518269067334278 0.0
0.2147048127356626 0.08501656847314744 0.0
0.21138552511614628 0.08482833404479263 0.0
0.20806766874987595 0.08461590799266548 0.0
0.2047514968258705 0.08437711280745454 0.0
0.2014375035221623 0.08410907970086506 0.0
0.1981262854309323 0.08380864269325423 0.0
0.19481844143488364 0.08347263489961516 0.0
0.19151456850437484 0.0830978892385875 0.0
0.18821588435186484 0.08267860664489979 0.0
0.18492609465314216 0.08219841372346903 0.0
0.1816495945412339 0.08163808717692407 0.0
0.17839181262204923 0.08097528247814839 0.0
0.17515902590362573 0.08018513034587432 0.0
0.1719652220673691 0.07923728163032888 0.0
0.16884429554885755 0.07808738073740917 0.0
0.1658451237109262 0.07666672977055819 0.0
0.16316525331531603 0.07463322146633955 0.0
0.16115550542152637 0.07179670679253224 0.0
0.16026091786918892 0.06856483349710862 0.0
0.16082731544588094 0.06536831036564061 0.0
0.1625494384554769 0.06240863432296157 0.0
0.16488057493740468 0.05980225550829416 0.0
0.16739725782029988 0.05760361471273324 0.0
0.17006324812306495 0.05567518051651886 0.0
0.17288146970993537 0.05391566482707106 0.0
0.17581163084445317 0.05231078220813973 0.0
0.17881207472612035 0.05085094535617045 0.0
0.18186067400626516 0.049522128577485655 0.0
0.18495215587920397 0.04830647576358167 0.0
0.18808168801187616 0.047187521876925195 0.0
0.1912437867346699 0.04615755601289657 0.0
0.19443274856887752 0.045212000024292084 0.0
0.19764391923033908 0.04434620398413631 0.0
0.20087443540596917 0.04355538886470947 0.0
0.20412160818773148 0.042834762988610914 0.0
0.20738274834467887 0.042179534725604755 0.0
0.21065517399881112 0.041584918887106664 0.0
0.2139367589163776 0.041046668294028775 0.0
0.21722633969363303 0.04056146685793966 0.0
0.22052284867026253 0.0401260915006992 0.0
0.22382521847704195 0.039737319704169285 0.0
0.22713238763490978 0.03939194496042051 0.0
0.23044354226076025 0.03908746588604325 0.0
0.23375819755564764 0.03882231672280385 0.0
0.23707589196171547 0.03859499573655605 0.0
0.24039616291218044 0.0384040021015955 0.0
0.24371854884918615 0.03824783408377593 0.0
0.2470425878785672 0.03812499025176507 0.0
0.2503678177531017 0.038033969796606025 0.0
0.2536937768981858 0.037973271303714 0.0
0.25702000278053105 0.03794139330826171 0.0
0.2603460543942576 0.03793690661111697 0.0
0.2636716892858115 0.03795908745135201 0.0
0.2669967774570026 0.03800760985865623 0.0
0.27032119023948803 0.03808215305943982 0.0
0.2736447993179813 0.038182395657737574 0.0
0.2769674757213255 0.0383080165436507 0.0
0.28028909147054326 0.03845869401840005 0.0
0.2836095175609825 0.03863410761120972 0.0
0.2869286256941043 0.03883393560655307 0.0
0.2902462872015658 0.03905785723084026 0.0
0.2935623494094608 0.03930567958938095 0.0
0.29687658569579467 0.0395776058200898 0.0
0.30018875529369005 0.039873913302340844 0.0
0.30349861738602685 0.040194880374192464 0.0
0.3068059318450507 0.040540784448513695 0.0
0.31011045719777125 0.04091190414942938 0.0
0.3134119536359953 0.04130851690655604 0.0
0.3167101797034802 0.041730901024457076 0.0
0.32000489495290985 0.04217933389925399 0.0
0.3232958615409848 0.0426540799255339 0.0
0.3265829231179419 0.04315497966207376 0.0
0.32986601672283644 0.04368139405795525 0.0
0.33314508438367985 0.04423265612507492 0.0
0.3364200680782412 0.04480809983401364 0.0
0.3396909101038512 0.04540705917209981 0.0
0.342957551832651 0.04602886743729642 0.0
0.34621993618434643 0.04667285896998832 0.0
0.3494780045143312 0.04733836738769994 0.0
0.352731698817122 0.04802472634145072 0.0
0.3559809648255642 0.0487312898658441 0.0
0.3592257757740973 0.04945759038328003 0.0
0.3624661204990162 0.05020325393299511 0.0
0.365701987180745 0.050967906840292336 0.0
0.3689333643125705 0.05175117557504681 0.0
0.3721602407073407 0.05255268662388115 0.0
0.37538260486001734 0.05337206642471431 0.0
0.3786004452622122 0.054208941479377534 0.0
0.3818137507250988 0.05506293830644959 0.0
0.3850225091061904 0.05593368327839826 0.0
0.388226730589295 0.05682076196023413 0.0
0.39142652357752994 0.05772356722529203 0.0
0.39462202602891155 0.058641435496327096 0.0
0.3978133749444466 0.05957370311389581 0.0
0.40100070860338743 0.0605197064855447 0.0
0.4041841640050662 0.061478781983786396 0.0
0.4073638794287352 0.06245026601616742 0.0
0.41053999187540136 0.06343349492324427 0.0
0.4137126393030809 0.06442780512777206 0.0
0.4168819596731397 0.0654325329885937 0.0
0.42004808829612916 0.06644705933075852 0.0
0.42321115646076746 0.06747092120693389 0.0
0.42637129301964194 0.06850368992523587 0.0
0.42952862746446363 0.06954493682727554 0.0
0.4326832889673812 0.07059423323791647 0.0
0.43583540733966697 0.07165115051551724 0.0
0.4389851114339085 0.07271525996819392 0.0
0.4421325307434911 0.0737861329056014 0.0
0.44527779475845075 0.07486334070130696 0.0
0.4484210326492617 0.07594645471213027 0.0
0.4515622776769508 0.07703531719864258 0.0
0.4547012397688712 0.07813068166025931 0.0
0.4578375617762308 0.07923349313239508 0.0
0.4609708855915532 0.08034469660022203 0.0
0.46410085374983423 0.08146523701849497 0.0
0.46722710814359747 0.08259605937238602 0.0
0.4703492913044893 0.08373810868056233 0.0
0.473467045446772 0.08489232990340054 0.0
0.47658001278353523 0.08605966802364655 0.0
0.4796878358470954 0.08724106804718505 0.0
