0.47967108834109773 0.08756062949830652 0.0
0.4795958003833324 0.08752976693497286 0.0
0.4793702895664994 0.08743655686957563 0.0
0.47899482520953207 0.0872819747339742 0.0
0.4784694073124304 0.08706602052816856 0.0
0.47779430519412724 0.08678966968401808 0.0
0.4769704607914702 0.08645329200549186 0.0
0.47599812667588637 0.08605818248590041 0.0
0.4748785475981683 0.08560504723816995 0.0
0.4736119593822369 0.08509550081706208 0.0
0.47219957328387285 0.08453088845840527 0.0
0.47064260055885654 0.08391255539802803 0.0
0.4689422189679566 0.08324248599466104 0.0
0.4670996062719416 0.08252266460703504 0.0
0.4651162932880428 0.0817544532184845 0.0
0.46299374384346814 0.08094049205814839 0.0
0.46073377482188815 0.08008279897976942 0.0
0.4583385226684249 0.0791834085845963 0.0
0.45580943446278 0.0782452806632191 0.0
0.4531486633975812 0.07727013025543543 0.0
0.4503585984893774 0.07626128695580449 0.0
0.44744171249224785 0.07522048255162984 0.0
0.4443997552998391 0.07415101314245873 0.0
0.4412361081080656 0.07305561944246605 0.0
0.4379532101759943 0.07193667236185768 0.0
0.4345534672676802 0.07079718193374165 0.0
0.43104026057903766 0.06963988887229296 0.0
0.42741695455847506 0.06846785345313763 0.0
0.42368598846505934 0.06728344658648153 0.0
0.41985102956114395 0.06609006485690781 0.0
0.4159157953516005 0.06489014616464633 0.0
0.41188334747089206 0.06368641447636601 0.0
0.4077576727428234 0.06248228312415606 0.0
0.4035424886722657 0.06128019000824629 0.0
0.3992418155780359 0.060082909337823634 0.0
0.3948590346560482 0.058893181827063046 0.0
0.39039878860051547 0.057714134741614596 0.0
0.38586546753422335 0.05654760035381785 0.0
0.38126273871952543 0.05539697524825599 0.0
0.37659527834564654 0.05426474756767685 0.0
0.3718674597878662 0.053153069145871104 0.0
0.36708394248790344 0.05206474768703771 0.0
0.3622494026349831 0.05100227133392447 0.0
0.357368549913342 0.04996748910637697 0.0
0.3524460437646989 0.04896320870859414 0.0
0.34748689668723576 0.04799161546937867 0.0
0.3424958351126955 0.04705423884712503 0.0
0.33747815760569916 0.04615392004104412 0.0
0.3324385905979895 0.045292188509530415 0.0
0.3273824828967058 0.04447092676744149 0.0
0.32231484700002977 0.04369232014358002 0.0
0.3172410819576187 0.042957292468450224 0.0
0.3121658974537092 0.042267692761897666 0.0
0.30709528141834275 0.04162543703379191 0.0
0.30203401052578016 0.04103109605817405 0.0
0.2969874503306664 0.04048623278845054 0.0
0.2919613026966038 0.03999210736408268 0.0
0.2868897393234984 0.039551358213912265 0.0
0.2817973216359173 0.039190587240563686 0.0
0.27673919978485645 0.03891524825418355 0.0
0.271720856557503 0.03872466727802043 0.0
0.2667483971164401 0.03861852339178605 0.0
0.2618283131757263 0.038595234176893645 0.0
0.25696607077504263 0.03865444521804292 0.0
0.2521678755620084 0.038793918226238865 0.0
0.24743956338027376 0.039012356849333824 0.0
0.24278668400704975 0.03930780886477193 0.0
0.2382154765849676 0.039677396860655904 0.0
0.23373117132978738 0.04011915186692387 0.0
0.2293390654472929 0.04062982666770945 0.0
0.22504474220970724 0.041206829917554526 0.0
0.2208535155703203 0.04184659483914158 0.0
0.21677002686450778 0.0425461602830434 0.0
0.21279896767016332 0.04330160641547934 0.0
0.20894565194057688 0.044109366459131924 0.0
0.20521381256928872 0.044965470337702554 0.0
0.20160812438668657 0.04586631777886172 0.0
0.19813233703381666 0.04680761914485972 0.0
0.19479051971317649 0.04778510154545281 0.0
0.19158640531830629 0.048794794904342395 0.0
0.1885230876198442 0.04983269565021787 0.0
0.18560367713593426 0.05089448065031752 0.0
0.1828312843847205 0.05197582677187962 0.0
0.18020868357538986 0.05307271369608757 0.0
0.17773831260817222 0.054181423918069904 0.0
0.17542230656935223 0.05529790362399803 0.0
0.1732628005452146 0.05641809900004334 0.0
0.17126157656558091 0.057538578607773505 0.0
0.16942043340777876 0.058655591447305054 0.0
0.16774049723122147 0.059765992146644756 0.0
0.16622323050427953 0.060866332519854266 0.0
0.16486938958239714 0.06195440913178774 0.0
0.1636797978110425 0.06302674030149483 0.0
0.1626552115456599 0.06408112259382968 0.0
0.16179573127128527 0.06511563864008557 0.0
0.16110211334336286 0.06612808500511663 0.0
0.16057348281506928 0.06711681363914927 0.0
0.16021052905182478 0.06808089935284213 0.0
0.1600127134157631 0.06901839128247646 0.0
0.159979380036476 0.06992957549449141 0.0
0.16010963721963412 0.07081312350056448 0.0
0.16040023639053388 0.07165764967983448 0.0
0.1608469702901184 0.07245171816892215 0.0
0.16144918304797948 0.07319561503426665 0.0
0.16220495729541035 0.07388923979083198 0.0
0.16311298129159454 0.07453316457149639 0.0
0.16417162373426444 0.07512794476163213 0.0
0.16537925332115244 0.07567413574661147 0.0
0.16673388569352784 0.0761729152872029 0.0
0.16823293086476968 0.07662478852626066 0.0
0.16987472403759832 0.07703094997205928 0.0
0.17165697803933794 0.07739224107641014 0.0
0.17357673307939847 0.07771010891901485 0.0
0.1756320047990492 0.07798573126064191 0.0
0.17781981666019403 0.07822087474244407 0.0
0.18013722561974885 0.07841666688267185 0.0
0.18258191101002588 0.07857458825603886 0.0
0.18515086279791698 0.0786970446266001 0.0
0.187840801631381 0.0787854663265512 0.0
0.19064873422481585 0.07884193955849601 0.0
0.19357200360157656 0.07886824771109331 0.0
0.19660728016710394 0.07886677980089206 0.0
0.19975126782185076 0.07883928572153905 0.0
0.20300124259914812 0.07878882710749747 0.0
0.20635358883799765 0.0787171371049081 0.0
0.2098049601963342 0.07862692429177107 0.0
0.2133526829500068 0.07852029161819621 0.0
0.2169933772619383 0.0784005867850859 0.0
0.22072342747113025 0.07826954293858089 0.0
0.22454009286340781 0.07813054127459554 0.0
0.22843972428276066 0.07798595406217285 0.0
0.23241929494857472 0.0778385066268189 0.0
0.23647544177127874 0.07769122710798497 0.0
0.2406051714652707 0.07754620170827492 0.0
0.24480444832306514 0.07740706419503021 0.0
0.24907059862051117 0.07727591751836074 0.0
0.25339992295908037 0.07715609263166286 0.0
0.25778910849171965 0.07704965899003444 0.0
0.26223511169030883 0.0769596614804327 0.0
0.26673396383738657 0.07688845562439467 0.0
0.27128233533839363 0.07683843043846932 0.0
0.2758768631037588 0.07681261406210789 0.0
0.28051393147248377 0.07681273964145115 0.0
0.2851895717271071 0.07684116269803608 0.0
0.2899491615936881 0.07690026137771437 0.0
0.29480973423766066 0.07697074068436525 0.0
0.29969703281098536 0.07704486371167779 0.0
0.3046061969018715 0.07712365749286652 0.0
0.3095326689124734 0.07720848537010307 0.0
0.3144722443014084 0.07730008831016282 0.0
0.3194197430954346 0.0773994765987543 0.0
0.32437096075316946 0.07750739120265293 0.0
0.329320717301371 0.0776248424075672 0.0
0.33426484169366866 0.07775193205737027 0.0
0.3391984735182717 0.07788968718527667 0.0
0.34411680260590716 0.07803817614014753 0.0
0.3490146992258512 0.07819745052333803 0.0
0.35388795883672125 0.07836825130162356 0.0
0.35873178801675043 0.07855032726241416 0.0
0.36354105703521483 0.07874373000706497 0.0
0.36831129203179874 0.07894822507049204 0.0
0.3730376828372293 0.07916388080155651 0.0
0.37771578908620296 0.07938982361227218 0.0
0.38234049779550167 0.07962578554254307 0.0
0.38690765466626076 0.07987154887479123 0.0
0.39141218021027435 0.08012620652601843 0.0
0.39584995362369 0.08038890165574449 0.0
0.4002161814847407 0.0806593830513794 0.0
0.40450644017562876 0.08093645756348586 0.0
0.4087166088925017 0.08121926835158366 0.0
0.4128419109610987 0.0815072446416317 0.0
0.4168785786340301 0.08179890721775351 0.0
0.42082185198454125 0.08209336574445689 0.0
0.4246679297702307 0.08238978012876763 0.0
0.4284130274962029 0.0826869907162604 0.0
0.43205272154466023 0.08298380435749785 0.0
0.43558321067320116 0.08327938095950577 0.0
0.4390010299483812 0.08357257761536481 0.0
0.4423023948753052 0.08386223467064965 0.0
0.4454835209590775 0.08414719247093495 0.0
0.44854156564165004 0.08442666116576449 0.0
0.45147240811917033 0.08469978391465804 0.0
0.4542735756375592 0.08496482893031201 0.0
0.4569415530208544 0.08522161199016046 0.0
0.45947353120601997 0.0854687041208449 0.0
0.46186697044895264 0.0857056517808662 0.0
0.46411840581620833 0.08593131206330507 0.0
0.4662262729955432 0.08614496210772925 0.0
0.4681877294289094 0.08634581206368253 0.0
0.47000057168116094 0.08653310557572066 0.0
0.47166289913109716 0.08670642259735656 0.0
0.47317250834357205 0.08686500677314599 0.0
0.47452813782028724 0.08700847155161383 0.0
0.47572758412609695 0.08713606057731586 0.0
0.4767702081380988 0.08724774035524009 0.0
0.47765446229155517 0.08734246846350317 0.0
0.4783793544071008 0.08742083378248934 0.0
0.4789439760429003 0.08748182738532724 0.0
0.4793476880760513 0.08752541577700489 0.0
0.47967108834109773 0.08756062949830652 0.0
