0.5748857624450078 0.15018332737708212 0.0
0.5737882727213587 0.14941429645761342 0.0
0.5726886923491973 0.14864825728292813 0.0
0.571587203896917 0.14788496443422977 0.0
0.5704837738468935 0.14712448111324636 0.0
0.5693783918112092 0.14636683776102025 0.0
0.568271040389991 0.14561207572170173 0.0
0.5671617041179265 0.14486023406503643 0.0
0.5660503669006695 0.14411135320893173 0.0
0.5649370085967858 0.14336548050953674 0.0
0.5638216138671206 0.14262265659045462 0.0
0.562704158569726 0.14188293599821075 0.0
0.5615846240269775 0.141146366248211 0.0
0.5604629902367131 0.14041299697461943 0.0
0.5593392309515677 0.1396828888886421 0.0
0.5582133282711152 0.13895609041110601 0.0
0.5570852559363142 0.13823266418577093 0.0
0.5559549878301787 0.1375126732262899 0.0
0.5548225020665458 0.13679617576392938 0.0
0.5536877714077474 0.13608323865158092 0.0
0.552550768382126 0.13537393128549 0.0
0.5514114666778256 0.13466832215594138 0.0
0.550269839389302 0.13396648176445916 0.0
0.5491258573347491 0.13326848610635597 0.0
0.5479794929164439 0.13257441024556363 0.0
0.546830716211717 0.13188433411337314 0.0
0.5456794975127577 0.13119833971141845 0.0
0.5445258068735436 0.1305165108360979 0.0
0.5433696132718328 0.12983893500088822 0.0
0.5422108879850899 0.12916569758191418 0.0
0.5410495990674642 0.12849689205109793 0.0
0.5398857158260537 0.12783261147867042 0.0
0.5387192074804688 0.1271729518358937 0.0
0.5375500422496867 0.12651801260343626 0.0
0.5363781912966511 0.1258678908749048 0.0
0.5352036218006788 0.12522269392864027 0.0
0.5340263038653816 0.12458252556968567 0.0
0.5328462062951649 0.12394749621337903 0.0
0.5316633007588165 0.12331771258627379 0.0
0.5304775583282036 0.12269328685589526 0.0
0.5292889478319419 0.12207433773314552 0.0
0.5280974421668445 0.12146098073363229 0.0
0.5269030145157232 0.1208533332478501 0.0
0.5257056367530675 0.120251520061826 0.0
0.5245052831951293 0.11965566419412833 0.0
0.5233019294792414 0.11906589073510514 0.0
0.5220955504368412 0.11848233079022853 0.0
0.5208861241922519 0.11790511249935529 0.0
0.5196736276990839 0.11733437177998403 0.0
0.5184580400456936 0.11677024438586435 0.0
0.5172393429103654 0.11621286655687013 0.0
0.5160175173854662 0.11566238032370979 0.0
0.514792546088747 0.11511892998774079 0.0
0.5135644133964357 0.11458266262083755 0.0
0.5123331053793263 0.11405372634050995 0.0
0.5110986094173928 0.11353227402940672 0.0
0.5098609136645749 0.11301846290533026 0.0
0.5086200083000646 0.11251245222363979 0.0
0.5073758848276836 0.11201440634248008 0.0
0.5061285364294728 0.11152449337120646 0.0
0.5048779576944704 0.111042885915561 0.0
0.503624144600479 0.11056976264814751 0.0
0.5023670947876216 0.11010530717674458 0.0
0.5011068070575774 0.10964971132061958 0.0
0.49984328181420984 0.10920317237953346 0.0
0.4985765218117523 0.10876589449896856 0.0
0.49730653008985626 0.10833809320325434 0.0
0.4960333116224811 0.10791999314584624 0.0
0.4947568734267155 0.10751182819043634 0.0
0.4934772238507028 0.10711384564793033 0.0
0.49219437269768723 0.10672630745601042 0.0
0.4909083311834385 0.10634949143639544 0.0
0.48961911303802697 0.10598369130849379 0.0
0.4883267334511625 0.10562922262781822 0.0
0.4870312095561641 0.10528642373685772 0.0
0.4857325615046093 0.10495565737363734 0.0
0.484430811393439 0.10463731818060795 0.0
0.483125984110064 0.10433183684434388 0.0
0.4818181087250338 0.10403968045025563 0.0
0.48050721823056464 0.10376136536400554 0.0
0.4791933504097636 0.10349746244522562 0.0
0.4778765499576794 0.10324860566357126 0.0
0.47655686853883983 0.103015507904612 0.0
0.47523436841522837 0.10279897418781467 0.0
0.47390912491356335 0.10259991883370916 0.0
0.472581230620694 0.10241939042621073 0.0
0.47125080098586214 0.10225860925367841 0.0
0.4699179827637682 0.10211900568710161 0.0
0.46858296661548554 0.10200227526169293 0.0
0.4672460055042602 0.10191046580509638 0.0
0.4659074428748537 0.10184608443716632 0.0
0.4645677599948267 0.10181226230220988 0.0
0.46322764826342305 0.1018129913763111 0.0
0.4618881550076268 0.10185354201151449 0.0
0.4605508809728187 0.10194096023544448 0.0
0.459218639016361 0.10208559584404829 0.0
0.4578958601998703 0.10230141187485427 0.0
0.4565934461578215 0.10261594119021904 0.0
0.4553276306924247 0.10305732124357547 0.0
0.4541741330597139 0.10373338933039634 0.0
0.4533314568393427 0.10476620218170916 0.0
0.4529871666387125 0.10605469522906567 0.0
0.45343303976812627 0.10729960964613193 0.0
0.4543756862972028 0.10826377037628906 0.0
0.4554399064259979 0.10907606016243443 0.0
0.45659224897151385 0.10975932293195649 0.0
0.4577955082603526 0.11035010773024752 0.0
0.4590287876167997 0.11087417327397898 0.0
0.46028294601211656 0.11134650165807139 0.0
0.4615517038166089 0.11177792189291264 0.0
0.4628313248668506 0.11217600804761005 0.0
0.46411920477021307 0.11254648898513527 0.0
0.46541353086280707 0.11289378241862653 0.0
0.46671297214622315 0.11322141687822224 0.0
0.4680165277712699 0.11353227809629497 0.0
0.4693234248235885 0.1138287781293727 0.0
0.4706330546947509 0.11411296464880626 0.0
0.47194492777672603 0.11438660892762068 0.0
0.4732586435859483 0.11465126587847703 0.0
0.4745738699319685 0.11490831076222795 0.0
0.47589032696694955 0.11515897693005346 0.0
0.4772077752525891 0.11540438024724214 0.0
0.47852600697631664 0.11564553942554474 0.0
0.4798448404256036 0.11588338626365323 0.0
0.48116411352910304 0.11611878263258457 0.0
0.48248368008178144 0.11635252780628948 0.0
0.4838034071491908 0.11658536559335556 0.0
0.48512317120511744 0.11681799304825807 0.0
0.48644285722565395 0.11705106372056537 0.0
0.4877623560484641 0.11728519072925846 0.0
0.48908156385800594 0.11752095235810957 0.0
0.4904003800641163 0.11775889522356174 0.0
0.49171870735214895 0.11799953147631208 0.0
0.4930364496272278 0.11824335129113317 0.0
0.49435351234706754 0.11849081511075325 0.0
0.4956698024078087 0.1187423566201834 0.0
0.49698522626280056 0.11899838943569821 0.0
0.4982996910306171 0.11925930101982889 0.0
0.49961310373807155 0.11952545856211132 0.0
0.5009253705182263 0.11979720928206108 0.0
0.5022363982688491 0.12007487587260397 0.0
0.5035460927129451 0.12035876486947558 0.0
0.5048543587523475 0.12064916529964631 0.0
0.5061611017042261 0.12094634376366126 0.0
0.5074662267130599 0.12125054985218003 0.0
0.5087696378508295 0.12156201671770406 0.0
0.5100712405461143 0.12188095706134931 0.0
0.5113709392966025 0.12220756903757776 0.0
0.5126686386330332 0.12254203664654634 0.0
0.5139642448026672 0.12288452320833572 0.0
0.5152576645772395 0.12323517615845031 0.0
0.5165488051675842 0.12359413032314426 0.0
0.5178375754353519 0.1239615042101575 0.0
0.5191238856461309 0.1243374010671068 0.0
0.5204076479847641 0.12472190898604019 0.0
0.5216887769237167 0.12511510217192495 0.0
0.5229671886785204 0.1255170420587055 0.0
0.5242428024300474 0.12592777547151301 0.0
0.5255155394394796 0.12634733781845595 0.0
0.5267853255064185 0.1267757486175859 0.0
0.5280520886060339 0.12721301684849576 0.0
0.5293157608445211 0.12765913862049974 0.0
0.5305762777231333 0.12811409957478476 0.0
0.531833579747503 0.12857787122302233 0.0
0.5330876105445389 0.12905041650124924 0.0
0.5343383185335471 0.12953168745906618 0.0
0.5355856576264049 0.13002162371601994 0.0
0.5368295856779266 0.13052015709928358 0.0
0.5380700667775751 0.13102720648751445 0.0
0.5393070681347432 0.13154268674856784 0.0
0.540540564811014 0.1320664983983797 0.0
0.5417705361860563 0.13259853503027355 0.0
0.5429969666772454 0.13313868361838416 0.0
0.5442198485890444 0.13368681896961537 0.0
0.5454391780921451 0.13424281211019656 0.0
0.5466549581952339 0.13480652402129775 0.0
0.5478671979907886 0.13537780961165574 0.0
0.5490759127154408 0.13595651641145007 0.0
0.5502811231609567 0.13654248581052061 0.0
0.5514828573404652 0.13713555228139357 0.0
0.5526811490445436 0.13773554354545534 0.0
0.5538760392739034 0.1383422808177213 0.0
0.555067574581832 0.1389555803201834 0.0
0.5562558067203783 0.13957525539419088 0.0
0.5574407964679113 0.14020110826488685 0.0
0.5586226090545898 0.14083294032906044 0.0
0.5598013151784447 0.1414705489833868 0.0
0.5609769957393027 0.14211371917921573 0.0
0.5621497331528095 0.1427622404453945 0.0
0.5633196184406463 0.1434158927293795 0.0
0.5644867497990591 0.14407444956998408 0.0
0.5656512281026975 0.14473768626943675 0.0
0.5668131643788739 0.14540536657982203 0.0
0.5679726716534746 0.1460772563640773 0.0
0.5691298719850397 0.14675311149181816 0.0
0.5702848915418726 0.14743268680373012 0.0
0.5714378636359416 0.14811573005656226 0.0
0.5725889207011783 0.14880199560048973 0.0
0.5737382224610232 0.1494911970168901 0.0
0.5748857624450078 0.15018332737708212 0.0
