0.5751200305266261 0.1503469639742527 0.0
0.5741089946867586 0.14945561570756274 0.0
0.5730906055204508 0.14857267810512842 0.0
0.5720652156836745 0.14769788048635882 0.0
0.5710331709535503 0.14683094408343778 0.0
0.5699948098837615 0.1459715829880643 0.0
0.5689504643317652 0.14511950460342654 0.0
0.5679004590818613 0.14427441029971613 0.0
0.5668451124625494 0.1434359959985201 0.0
0.5657847357156095 0.14260395238588247 0.0
0.564719634255382 0.14177796563349718 0.0
0.5636501056934148 0.14095771940509721 0.0
0.562576431993727 0.14014290652723096 0.0
0.5614988853101694 0.13933322245360902 0.0
0.560417733264006 0.13852835874705666 0.0
0.5593332394435568 0.13772800360722715 0.0
0.558245663179774 0.13693184210710718 0.0
0.5571552602302937 0.13613955659416854 0.0
0.5560622823551538 0.13535082671578846 0.0
0.5549669785316134 0.13456533026260242 0.0
0.553869594767858 0.1337827421599654 0.0
0.5527703309351694 0.13300279719669011 0.0
0.5516689796240171 0.13222580258042765 0.0
0.5505651064144126 0.1314523950317396 0.0
0.5494582814693014 0.13068321768440783 0.0
0.5483480818649452 0.12991891938418137 0.0
0.5472340930259427 0.12916015454703442 0.0
0.5461159102866329 0.12840758381047632 0.0
0.5449931402659788 0.12766187443712845 0.0
0.5438654017250237 0.12692370023945176 0.0
0.5427323278724819 0.12619374208688988 0.0
0.5415935741626764 0.12547267674376353 0.0
0.5404488648516463 0.124761104071132 0.0
0.5392979624983375 0.1240595920519345 0.0
0.5381406418712351 0.12336871997483723 0.0
0.5369766905947332 0.1226890785588185 0.0
0.5358059100753956 0.12202127006895093 0.0
0.5346281169435342 0.12136590853673822 0.0
0.5334431444283172 0.12072361940288645 0.0
0.5322508434241994 0.12009503886787946 0.0
0.5310510837258609 0.11948081429995705 0.0
0.5298438932321657 0.1188813259212957 0.0
0.5286298830677094 0.11829577117895242 0.0
0.5274097870977161 0.11772300497155361 0.0
0.5261843021194705 0.11716186165060041 0.0
0.5249540902381518 0.11661115837537754 0.0
0.5237197821422502 0.1160696986569403 0.0
0.5224819796904865 0.11553627551316603 0.0
0.5212412598429399 0.1150096735912833 0.0
0.5199981790924936 0.114488669535698 0.0
0.5187532713171572 0.11397204587067257 0.0
0.517506858638768 0.11345906391014335 0.0
0.5162589137842319 0.11294982025171095 0.0
0.5150093815812835 0.1124444843443742 0.0
0.5137582064121333 0.1119432299019542 0.0
0.5125053351803396 0.11144623017253615 0.0
0.5112507159553697 0.11095365938193422 0.0
0.5099942987832593 0.11046569316708989 0.0
0.5087360353870495 0.10998250749863867 0.0
0.5074758793109542 0.109504279425098 0.0
0.5062137858866768 0.10903118830569564 0.0
0.5049497074098888 0.10856342678231758 0.0
0.5036835955403139 0.10810119722608776 0.0
0.5024154054255241 0.10764470078742697 0.0
0.5011450950676835 0.10719413799562527 0.0
0.49987262612342664 0.10674970808157222 0.0
0.49859796365953907 0.10631160888883152 0.0
0.49732107656389934 0.10588003688486898 0.0
0.4960419370123768 0.10545518710536195 0.0
0.49476052205780907 0.10503725068899163 0.0
0.49347667363564574 0.10462685006135425 0.0
0.4921897213799863 0.10422628923262377 0.0
0.49089891880275455 0.10383831473500024 0.0
0.48960359505135737 0.10346571349565754 0.0
0.48830317126600487 0.10311132224889874 0.0
0.4869971799703711 0.1027780327953189 0.0
0.48568528649675524 0.10246879053093774 0.0
0.4843673124682004 0.10218658542441679 0.0
0.4830432572905733 0.10193444960214657 0.0
0.4817133352671743 0.1017153572771662 0.0
0.48037833906309096 0.10152966585084225 0.0
0.4790396025275322 0.10137320735737856 0.0
0.47769821305559046 0.10124141377008244 0.0
0.4763550034073174 0.10112968536432893 0.0
0.4750105884311857 0.10103353992290769 0.0
0.4736652286709064 0.10095167588212062 0.0
0.4723188921910705 0.1008878504167808 0.0
0.47097168780934867 0.10084619493512689 0.0
0.469623926819796 0.10083084860644817 0.0
0.4682761625558009 0.10084591709155273 0.0
0.46692924943166614 0.10089612133514543 0.0
0.4655845115365962 0.10098763181047599 0.0
0.4642438670494809 0.1011267942445267 0.0
0.46290956934399285 0.10131743250385457 0.0
0.4615838325584564 0.10156058292085754 0.0
0.46026877868708743 0.10185609150663441 0.0
0.45896668452011125 0.10220434156324718 0.0
0.457681226653598 0.10260948979558898 0.0
0.4564197415492944 0.10308518508991725 0.0
0.45519639608415663 0.10364990239102044 0.0
0.4540406310681956 0.10433083759412445 0.0
0.4530798073671323 0.1053060449630886 0.0
0.45322385004601395 0.10662175318121006 0.0
0.45408942831536164 0.1076554326485762 0.0
0.455106302656643 0.10854052689562224 0.0
0.45620502126583673 0.10932094739373971 0.0
0.4573526755969839 0.11002785395034512 0.0
0.4585256811304053 0.11069171470104555 0.0
0.4597136490001128 0.11132846329715905 0.0
0.46091689239069444 0.11193582699170958 0.0
0.46213713964702263 0.11250827154070714 0.0
0.4633792887138661 0.11303150199500445 0.0
0.4646479729442456 0.11348662105931266 0.0
0.4659401366442672 0.11387002045493662 0.0
0.4672476067090477 0.1141974681810802 0.0
0.46856399334929477 0.11448698603548431 0.0
0.469884602280133 0.11475659247401372 0.0
0.47120568717925304 0.11502385772329528 0.0
0.4725259086883308 0.11529535377967917 0.0
0.4738456520465412 0.11556916509397153 0.0
0.4751654008058783 0.11584295016595304 0.0
0.4764856266036201 0.11611442607724892 0.0
0.4778067569289084 0.11638146541400261 0.0
0.4791287960049236 0.11664396877127547 0.0
0.48045152632361665 0.1169029662951435 0.0
0.4817747330339243 0.11715951884113168 0.0
0.48309820840810347 0.11741468137700878 0.0
0.4844217482371542 0.1176695098455232 0.0
0.4857451490890359 0.11792505919502969 0.0
0.48706820592486405 0.11818238384742051 0.0
0.48839070929167294 0.11844253742896103 0.0
0.4897124433361743 0.11870657252602422 0.0
0.4910332228860612 0.11897534112074055 0.0
0.49235305199590457 0.11924873857000343 0.0
0.49367199570606496 0.11952637674478163 0.0
0.4949901223849058 0.1198078674947008 0.0
0.49630750439539234 0.1200928234772404 0.0
0.4976242168356978 0.12038085781694352 0.0
0.498940337417488 0.12067158405973265 0.0
0.5002559465956402 0.12096461619660512 0.0
0.5015711263752067 0.12125956928081107 0.0
0.5028859609051033 0.12155605741661417 0.0
0.5042004881505904 0.1218539055977278 0.0
0.5055146446504721 0.12215338510647032 0.0
0.5068283514310459 0.12245483075062447 0.0
0.5081415286906145 0.12275857543182771 0.0
0.5094540944307112 0.12306495162568509 0.0
0.5107659650360004 0.12337429092878893 0.0
0.5120770545434278 0.12368692416623779 0.0
0.5133872748135142 0.12400318054091765 0.0
0.5146965347190247 0.12432338948251984 0.0
0.5160047368938538 0.12464789262066195 0.0
0.5173116724747772 0.12497745993113608 0.0
0.5186170143147413 0.12531328405618838 0.0
0.5199204113344724 0.1256565789202354 0.0
0.5212214911333692 0.1260085543119547 0.0
0.5225198556708776 0.12637041710696434 0.0
0.5238150782592861 0.12674336964758665 0.0
0.5251066999679553 0.12712860783921878 0.0
0.526394226247299 0.12752731978321952 0.0
0.5276771251070701 0.12794067899909414 0.0
0.5289549043211081 0.12836960265881892 0.0
0.5302276429805848 0.12881325960845172 0.0
0.531495709874998 0.12927009839326062 0.0
0.5327595237985724 0.129738573847404 0.0
0.534019545281915 0.13021715650771065 0.0
0.535276269588652 0.1307043309500599 0.0
0.5365302223059912 0.131198596121281 0.0
0.5377819524370653 0.13169846303248667 0.0
0.539032027447388 0.13220245468541922 0.0
0.5402810289636965 0.1327091007855276 0.0
0.5415292104943452 0.13321776411908576 0.0
0.5427760184797656 0.1337297846534927 0.0
0.54402076284023 0.13424680180338108 0.0
0.5452627334753277 0.13477044689406065 0.0
0.5465011919978624 0.13530234496724355 0.0
0.5477353657262288 0.13584411114184528 0.0
0.5489644408883607 0.13639734648030688 0.0
0.5501875568783227 0.13696363476375178 0.0
0.5514038028565303 0.13754453130769753 0.0
0.5526122529544464 0.13814147650050115 0.0
0.5538129917891879 0.13875378478581446 0.0
0.5550071921325446 0.13937874940786638 0.0
0.5561961605914021 0.14001361100038284 0.0
0.5573812675680381 0.14065565195469054 0.0
0.5585639297771331 0.14130218515908285 0.0
0.5597455919425575 0.141950544611636 0.0
0.5609277091901109 0.1425980737408177 0.0
0.5621117313997172 0.14324211290367092 0.0
0.5632990845755231 0.14387999051610342 0.0
0.5644909022680632 0.14450948691624105 0.0
0.5656861526737703 0.14513244111330648 0.0
0.5668827807347133 0.14575274443592248 0.0
0.568078747094173 0.14637432299337313 0.0
0.56927199825899 0.14700109802361824 0.0
0.5704604281854121 0.14763696714438207 0.0
0.5716418414100239 0.14828577983879132 0.0
0.5728139198039218 0.14895130754735927 0.0
0.5739741954166893 0.14963720539046138 0.0
0.5751200305266261 0.1503469639742527 0.0
