0.99862953,-0.05233596,0.0
0.98969779,-0.04647891,0.0
0.98072356,-0.04068794,0.0
0.97170730,-0.03496319,0.0
0.96264951,-0.02930478,0.0
0.95355067,-0.02371287,0.0
0.94441124,-0.01818759,0.0
0.93523171,-0.01272908,0.0
0.92601257,-0.00733748,0.0
0.91675428,-0.00201292,0.0
0.90745733,0.00324446,0.0
0.89812219,0.00843451,0.0
0.88874928,0.01355685,0.0
0.87933892,0.01861071,0.0
0.86989140,0.02359534,0.0
0.86040705,0.02850995,0.0
0.85088617,0.03335378,0.0
0.84132908,0.03812605,0.0
0.83173607,0.04282598,0.0
0.82210746,0.04745281,0.0
0.81244357,0.05200577,0.0
0.80274469,0.05648407,0.0
0.79301111,0.06088675,0.0
0.78324297,0.06521229,0.0
0.77344043,0.06945908,0.0
0.76360362,0.07362552,0.0
0.75373269,0.07771000,0.0
0.74382778,0.08171092,0.0
0.73388902,0.08562666,0.0
0.72391657,0.08945563,0.0
0.71391057,0.09319621,0.0
0.70387115,0.09684680,0.0
0.69379862,0.10040596,0.0
0.68369364,0.10387258,0.0
0.67355689,0.10724563,0.0
0.66338908,0.11052405,0.0
0.65319089,0.11370680,0.0
0.64296302,0.11679282,0.0
0.63270617,0.11978106,0.0
0.62242103,0.12267048,0.0
0.61210831,0.12546003,0.0
0.60176868,0.12814864,0.0
0.59140296,0.13073523,0.0
0.58101199,0.13321864,0.0
0.57059665,0.13559772,0.0
0.56015780,0.13787132,0.0
0.54969631,0.14003829,0.0
0.53921305,0.14209747,0.0
0.52870888,0.14404772,0.0
0.51818467,0.14588789,0.0
0.50764128,0.14761682,0.0
0.49707966,0.14923331,0.0
0.48650101,0.15073592,0.0
0.47590655,0.15212319,0.0
0.46529755,0.15339366,0.0
0.45467525,0.15454587,0.0
0.44404087,0.15557834,0.0
0.43339568,0.15648963,0.0
0.42274090,0.15727825,0.0
0.41207779,0.15794276,0.0
0.40140760,0.15848172,0.0
0.39073169,0.15889413,0.0
0.38005149,0.15917923,0.0
0.36936844,0.15933629,0.0
0.35868395,0.15936454,0.0
0.34799947,0.15926324,0.0
0.33731642,0.15903164,0.0
0.32663623,0.15866899,0.0
0.31596034,0.15817454,0.0
0.30529017,0.15754753,0.0
0.29462763,0.15678639,0.0
0.28397533,0.15588826,0.0
0.27333598,0.15485018,0.0
0.26271227,0.15366916,0.0
0.25210689,0.15234223,0.0
0.24152253,0.15086641,0.0
0.23096190,0.14923873,0.0
0.22042769,0.14745621,0.0
0.20992259,0.14551588,0.0
0.19944929,0.14341484,0.0
0.18901045,0.14115088,0.0
0.17860872,0.13872207,0.0
0.16824674,0.13612646,0.0
0.15792717,0.13336214,0.0
0.14765361,0.13042541,0.0
0.13743443,0.12730388,0.0
0.12727948,0.12398247,0.0
0.11719861,0.12044606,0.0
0.10720166,0.11667956,0.0
0.09729903,0.11266916,0.0
0.08750395,0.10840783,0.0
0.07783061,0.10389068,0.0
0.06829375,0.09909905,0.0
0.05890904,0.09399024,0.0
0.04969563,0.08851915,0.0
0.04073085,0.08264078,0.0
0.03214129,0.07631024,0.0
0.02404776,0.06947064,0.0
0.01646510,0.06189078,0.0
0.00949446,0.05327535,0.0
0.00414102,0.04369409,0.0
0.00171675,0.03334140,0.0
0.00328754,0.02259314,0.0
0.00854247,0.01283860,0.0
0.01668251,0.00577604,0.0
0.02656550,0.00162869,0.0
0.03697663,-0.00085693,0.0
0.04760017,-0.00215741,0.0
0.05828349,-0.00259093,0.0
0.06896468,-0.00237424,0.0
0.07962500,-0.00167461,0.0
0.09025321,-0.00061125,0.0
0.10084665,0.00075324,0.0
0.11140424,0.00236494,0.0
0.12192827,0.00418766,0.0
0.13242177,0.00618889,0.0
0.14288775,0.00833614,0.0
0.15332923,0.01059693,0.0
0.16374928,0.01294507,0.0
0.17415107,0.01536657,0.0
0.18453778,0.01784884,0.0
0.19491257,0.02037928,0.0
0.20527863,0.02294535,0.0
0.21563871,0.02553603,0.0
0.22599501,0.02814250,0.0
0.23634967,0.03075608,0.0
0.24670484,0.03336809,0.0
0.25706267,0.03596987,0.0
0.26742532,0.03855273,0.0
0.27779491,0.04110802,0.0
0.28817362,0.04362704,0.0
0.29856358,0.04610114,0.0
0.30896688,0.04852176,0.0
0.31938465,0.05088238,0.0
0.32981724,0.05317810,0.0
0.34026497,0.05540405,0.0
0.35072819,0.05755539,0.0
0.36120723,0.05962726,0.0
0.37170240,0.06161479,0.0
0.38221406,0.06351313,0.0
0.39274251,0.06531743,0.0
0.40328811,0.06702281,0.0
0.41385099,0.06862463,0.0
0.42443038,0.07011915,0.0
0.43502521,0.07150297,0.0
0.44563442,0.07277265,0.0
0.45625695,0.07392479,0.0
0.46689173,0.07495595,0.0
0.47753771,0.07586272,0.0
0.48819381,0.07664168,0.0
0.49885897,0.07728941,0.0
0.50953212,0.07780252,0.0
0.52021174,0.07817853,0.0
0.53089582,0.07841604,0.0
0.54158231,0.07851367,0.0
0.55226917,0.07847007,0.0
0.56295437,0.07828388,0.0
0.57363585,0.07795374,0.0
0.58431158,0.07747828,0.0
0.59497952,0.07685616,0.0
0.60563762,0.07608600,0.0
0.61628389,0.07516704,0.0
0.62691651,0.07410042,0.0
0.63753368,0.07288764,0.0
0.64813361,0.07153021,0.0
0.65871450,0.07002964,0.0
0.66927456,0.06838744,0.0
0.67981199,0.06660511,0.0
0.69032500,0.06468415,0.0
0.70081179,0.06262609,0.0
0.71127061,0.06043243,0.0
0.72170005,0.05810494,0.0
0.73209894,0.05564550,0.0
0.74246612,0.05305600,0.0
0.75280043,0.05033833,0.0
0.76310069,0.04749439,0.0
0.77336574,0.04452605,0.0
0.78359442,0.04143521,0.0
0.79378556,0.03822377,0.0
0.80393800,0.03489360,0.0
0.81405085,0.03144694,0.0
0.82412405,0.02788699,0.0
0.83415770,0.02421714,0.0
0.84415191,0.02044078,0.0
0.85410677,0.01656130,0.0
0.86402239,0.01258209,0.0
0.87389887,0.00850654,0.0
0.88373630,0.00433805,0.0
0.89353478,0.00007999,0.0
0.90329442,-0.00426423,0.0
0.91301506,-0.00869232,0.0
0.92269605,-0.01320418,0.0
0.93233666,-0.01779998,0.0
0.94193617,-0.02247991,0.0
0.95149385,-0.02724414,0.0
0.96100898,-0.03209284,0.0
0.97048083,-0.03702620,0.0
0.97990870,-0.04204438,0.0
0.98929184,-0.04714758,0.0
0.99862953,-0.05233596,0.0
1.40591728,-0.47662597,0.0
1.40579805,-0.47649956,0.0
1.40543992,-0.47612089,0.0
1.40484289,-0.47548996,0.0
1.40400808,-0.47460761,0.0
1.40293562,-0.47347484,0.0
1.40162718,-0.47209291,0.0
1.40008315,-0.47046476,0.0
1.39830493,-0.46858972,0.0
1.39629416,-0.46647256,0.0
1.39405195,-0.46411412,0.0
1.39158122,-0.46151752,0.0
1.38888292,-0.45868612,0.0
1.38596037,-0.45562247,0.0
1.38281509,-0.45233038,0.0
1.37944969,-0.44881447,0.0
1.37586752,-0.44507731,0.0
1.37207271,-0.44112384,0.0
1.36806636,-0.43695839,0.0
1.36385359,-0.43258579,0.0
1.35943704,-0.42801067,0.0
1.35482139,-0.42323840,0.0
1.35000984,-0.41827404,0.0
1.34500807,-0.41312284,0.0
1.33981939,-0.40779084,0.0
1.33444850,-0.40228341,0.0
1.32890067,-0.39660633,0.0
1.32318033,-0.39076651,0.0
1.31729371,-0.38476960,0.0
1.31124523,-0.37862251,0.0
1.30504072,-0.37233144,0.0
1.29868613,-0.36590360,0.0
1.29218630,-0.35934533,0.0
1.28554774,-0.35266426,0.0
1.27877726,-0.34586645,0.0
1.27187995,-0.33896023,0.0
1.26486276,-0.33195265,0.0
1.25773262,-0.32485078,0.0
1.25049462,-0.31766293,0.0
1.24315670,-0.31039604,0.0
1.23572492,-0.30305827,0.0
1.22820581,-0.29565725,0.0
1.22060656,-0.28820200,0.0
1.21293452,-0.28069904,0.0
1.20519592,-0.27315752,0.0
1.19739782,-0.26558549,0.0
1.18954771,-0.25799044,0.0
1.18165236,-0.25038195,0.0
1.17371871,-0.24276708,0.0
1.16575451,-0.23515529,0.0
1.15776572,-0.22755377,0.0
1.14976064,-0.21997241,0.0
1.14174564,-0.21241783,0.0
1.13372807,-0.20490005,0.0
1.12571443,-0.19742669,0.0
1.11771276,-0.19000566,0.0
1.10972971,-0.18264557,0.0
1.10177290,-0.17535488,0.0
1.09383130,-0.16812957,0.0
1.08588876,-0.16097580,0.0
1.07794329,-0.15391231,0.0
1.06999481,-0.14696108,0.0
1.06204177,-0.14014028,0.0
1.05408567,-0.13346871,0.0
1.04612801,-0.12696513,0.0
1.03817341,-0.12064540,0.0
1.03022465,-0.11452664,0.0
1.02228916,-0.10862333,0.0
1.01437171,-0.10294881,0.0
1.00648254,-0.09751621,0.0
0.99862953,-0.09233596,0.0
0.99082493,-0.08741740,0.0
0.98307929,-0.08276862,0.0
0.97540685,-0.07839521,0.0
0.96782029,-0.07430247,0.0
0.96033541,-0.07049278,0.0
0.95296789,-0.06696755,0.0
0.94573270,-0.06372677,0.0
0.93864695,-0.06076767,0.0
0.93172774,-0.05808747,0.0
0.92499039,-0.05568112,0.0
0.91845399,-0.05354208,0.0
0.91213261,-0.05166348,0.0
0.90604410,-0.05003695,0.0
0.90020326,-0.04865353,0.0
0.89462473,-0.04750326,0.0
0.88932414,-0.04657607,0.0
0.88431407,-0.04586130,0.0
0.87960705,-0.04534829,0.0
0.87521455,-0.04502551,0.0
0.87114785,-0.04488398,0.0
0.86741545,-0.04491257,0.0
0.86402555,-0.04510170,0.0
0.86098595,-0.04544234,0.0
0.85830147,-0.04592585,0.0
0.85597753,-0.04654402,0.0
0.85401683,-0.04729100,0.0
0.85242209,-0.04816094,0.0
0.85119252,-0.04914794,0.0
0.85032914,-0.05024838,0.0
0.84982916,-0.05146012,0.0
0.84969347,-0.05276358,0.0
0.84992223,-0.05414126,0.0
0.85050941,-0.05559295,0.0
0.85144927,-0.05712044,0.0
0.85273425,-0.05872322,0.0
0.85435732,-0.06040474,0.0
0.85630836,-0.06216783,0.0
0.85857826,-0.06401523,0.0
0.86115716,-0.06595172,0.0
0.86403454,-0.06798072,0.0
0.86719872,-0.07010829,0.0
0.87063930,-0.07233879,0.0
0.87434460,-0.07467829,0.0
0.87830282,-0.07713186,0.0
0.88250283,-0.07970596,0.0
0.88693352,-0.08240710,0.0
0.89158307,-0.08524032,0.0
0.89644233,-0.08821185,0.0
0.90149976,-0.09132872,0.0
0.90674648,-0.09459560,0.0
0.91217279,-0.09801830,0.0
0.91777149,-0.10160276,0.0
0.92353273,-0.10535379,0.0
0.92945060,-0.10927568,0.0
0.93551918,-0.11337271,0.0
0.94173100,-0.11764888,0.0
0.94808087,-0.12210637,0.0
0.95456470,-0.12674823,0.0
0.96117800,-0.13157455,0.0
0.96791699,-0.13658685,0.0
0.97477833,-0.14178257,0.0
0.98175937,-0.14716056,0.0
0.98885719,-0.15271772,0.0
0.99607016,-0.15844928,0.0
1.00339639,-0.16434849,0.0
1.01083508,-0.17040947,0.0
1.01838425,-0.17662099,0.0
1.02604466,-0.18297398,0.0
1.03381519,-0.18945609,0.0
1.04169554,-0.19605388,0.0
1.04968569,-0.20275237,0.0
1.05778664,-0.20953645,0.0
1.06599939,-0.21638751,0.0
1.07430658,-0.22327640,0.0
1.08268641,-0.23018207,0.0
1.09112846,-0.23709741,0.0
1.09962451,-0.24401703,0.0
1.10816524,-0.25093469,0.0
1.11674201,-0.25784554,0.0
1.12534397,-0.26474304,0.0
1.13396320,-0.27162026,0.0
1.14258966,-0.27847305,0.0
1.15121444,-0.28529460,0.0
1.15982878,-0.29207910,0.0
1.16842239,-0.29882041,0.0
1.17698704,-0.30551316,0.0
1.18551300,-0.31215165,0.0
1.19399191,-0.31872950,0.0
1.20241361,-0.32524158,0.0
1.21076975,-0.33168151,0.0
1.21905213,-0.33804389,0.0
1.22725198,-0.34432290,0.0
1.23535912,-0.35051341,0.0
1.24336676,-0.35660934,0.0
1.25126569,-0.36260542,0.0
1.25904729,-0.36849680,0.0
1.26670432,-0.37427797,0.0
1.27422858,-0.37994352,0.0
1.28161142,-0.38548862,0.0
1.28884563,-0.39090774,0.0
1.29592367,-0.39619689,0.0
1.30283789,-0.40135109,0.0
1.30958120,-0.40636581,0.0
1.31614594,-0.41123607,0.0
1.32252612,-0.41595817,0.0
1.32871422,-0.42052813,0.0
1.33470413,-0.42494127,0.0
1.34048900,-0.42919500,0.0
1.34606315,-0.43328409,0.0
1.35142029,-0.43720639,0.0
1.35655444,-0.44095820,0.0
1.36146059,-0.44453569,0.0
1.36613290,-0.44793614,0.0
1.37056660,-0.45115770,0.0
1.37475727,-0.45419697,0.0
1.37869946,-0.45705066,0.0
1.38238913,-0.45971833,0.0
1.38582279,-0.46219644,0.0
1.38899572,-0.46448313,0.0
1.39190470,-0.46657683,0.0
1.39454667,-0.46847695,0.0
1.39691870,-0.47018038,0.0
1.39901815,-0.47168598,0.0
1.40084208,-0.47299414,0.0
1.40238911,-0.47410204,0.0
1.40365728,-0.47500996,0.0
1.40464535,-0.47571606,0.0
1.40535148,-0.47622158,0.0
1.40577597,-0.47652498,0.0
1.40591728,-0.47662597,0.0
