0.4797045833530932 0.0869215065960636 0.0
0.47690269311653455 0.08496444181718302 0.0
0.474080820285638 0.08303674439866629 0.0
0.47123939736192866 0.08113829379629263 0.0
0.4683788558889177 0.07926896940281632 0.0
0.46549962773034714 0.07742865061495666 0.0
0.4626021453890824 0.07561721686292797 0.0
0.4596868404076294 0.07383454755865822 0.0
0.4567541446514052 0.07208052206691057 0.0
0.45380449061992545 0.07035501988181164 0.0
0.45083830985737106 0.06865792038333324 0.0
0.44785603491684955 0.06698910204300533 0.0
0.4448581214195828 0.06534835779842842 0.0
0.44184506962642534 0.06373532584739536 0.0
0.43881738353845623 0.062149628049055654 0.0
0.4357755671550795 0.06059088629451499 0.0
0.4327201244756995 0.059058722474879026 0.0
0.4296515601388433 0.057552758514748434 0.0
0.42657037814726473 0.05607261624131661 0.0
0.4234770824970183 0.05461791760960149 0.0
0.42037217750874456 0.053188284495500116 0.0
0.4172561671801731 0.051783338822074296 0.0
0.41412950056035847 0.05040274824326699 0.0
0.4109924449983645 0.0490463334813532 0.0
0.4078452297184021 0.04771394568901113 0.0
0.40468808423074837 0.04640543667478936 0.0
0.40152123740655754 0.04512065821374146 0.0
0.3983449187561068 0.04385946211441603 0.0
0.3951593581427297 0.04262169956298626 0.0
0.39196478442083316 0.04140722265406718 0.0
0.3887614267811328 0.040215883179459865 0.0
0.38554951505346724 0.039047532964460424 0.0
0.38232919774657326 0.03790231597872099 0.0
0.37910042701870295 0.03678109618242537 0.0
0.37586312360156526 0.03568484804246474 0.0
0.37261720854643066 0.03461454604247781 0.0
0.36936260354369244 0.03357116469959829 0.0
0.3660992296613686 0.03255567817790345 0.0
0.36282700764791564 0.03156906062472301 0.0
0.35954585947979323 0.030612287213061112 0.0
0.3562557059222055 0.029686331770686046 0.0
0.3529564740980904 0.02879216909943913 0.0
0.34964824334348055 0.027930786144020905 0.0
0.3463312509596093 0.02710318229344625 0.0
0.3430057412948094 0.02631035698561371 0.0
0.3396719596058554 0.02555331066734872 0.0
0.33633015056064164 0.024833042793297365 0.0
0.3329805587935673 0.02415055345722858 0.0
0.329623428989274 0.023506841794226983 0.0
0.32625900606822755 0.022902908553931962 0.0
0.3228875346983221 0.02233975319098956 0.0
0.3195093107931233 0.021818143284259357 0.0
0.3161248386427494 0.021337903065362478 0.0
0.31273467511011954 0.020898617910024127 0.0
0.3093393768223291 0.020499871579414734 0.0
0.30593950128142006 0.020141249482754545 0.0
0.30253560540055413 0.01982233603708443 0.0
0.29912824573983665 0.019542716281820624 0.0
0.29571797922917664 0.01930197431444254 0.0
0.29230536338736385 0.01909969522460895 0.0
0.28889094578197566 0.018935488895150614 0.0
0.28547514751306735 0.018809311704960384 0.0
0.28205829679698463 0.018721376002570844 0.0
0.27864071929494016 0.01867190009094962 0.0
0.27522274130726987 0.018661102306559325 0.0
0.27180468881474784 0.018689200969115076 0.0
0.2683868868562115 0.018756414028528047 0.0
0.2649696623711195 0.018862959854755848 0.0
0.26155334038156186 0.019009056717271086 0.0
0.25813824922383416 0.01919492690450636 0.0
0.25472495277962637 0.019421385364607205 0.0
0.25131449182512355 0.019690437796330944 0.0
0.24790796374688864 0.020004232576728814 0.0
0.2445064656454179 0.0203649174269816 0.0
0.24111109554639698 0.02077464075763555 0.0
0.2377229502140134 0.0212355505926854 0.0
0.23434312767395277 0.021749795342677382 0.0
0.23097272532952548 0.02231952306510126 0.0
0.22761284024773282 0.022946882120260734 0.0
0.22426463051054785 0.023634079502091773 0.0
0.22092982286822646 0.024383880731770856 0.0
0.2176104568683181 0.025199356118721657 0.0
0.2143085750195215 0.026083580613703188 0.0
0.21102621959471163 0.02703962755291974 0.0
0.20776564621342103 0.028070644900551972 0.0
0.20453055367821274 0.029180277311842313 0.0
0.20132524164007926 0.030372376852258798 0.0
0.19815401037238844 0.031650795940325965 0.0
0.19502116144350148 0.03301938674199689 0.0
0.19193111728923498 0.03448194399022859 0.0
0.18888952490985814 0.036041685716380174 0.0
0.18590273964640117 0.03770149408320562 0.0
0.18297712165116573 0.0394649494220772 0.0
0.18011901661316002 0.04133850724775578 0.0
0.17733476909430362 0.043329360570727254 0.0
0.17463552853034484 0.045444019717549376 0.0
0.17204715491789657 0.047686903287409925 0.0
0.16959831396202046 0.05006203108439648 0.0
0.16731242180506684 0.05257661154962849 0.0
0.16517703386383625 0.055259634777861506 0.0
0.16319634317809043 0.05814401463515052 0.0
0.16156140970081884 0.06123207194344081 0.0
0.1605317108103449 0.0645149182301075 0.0
0.16036564986818952 0.06798162923244985 0.0
0.16121806720668486 0.07144352438156325 0.0
0.16306074136731835 0.07439771496412592 0.0
0.16581518987000465 0.07637103618859215 0.0
0.1690428777469621 0.07760210915880673 0.0
0.17234557341154044 0.07850811673849192 0.0
0.1756958830833291 0.07912824602450912 0.0
0.1790894000765924 0.07948813397130157 0.0
0.18250703922326075 0.07966895346296479 0.0
0.18592727787229782 0.0797613906612088 0.0
0.18934336202802743 0.0798037483258125 0.0
0.1927582635125073 0.07979979095704183 0.0
0.19617384954778574 0.07975438329670781 0.0
0.19958990786728645 0.07967517636909906 0.0
0.20300603593636343 0.07957007722351622 0.0
0.20642183058459737 0.07944699281185263 0.0
0.2098369113073924 0.079313532111876 0.0
0.21325120816305085 0.07917315136778326 0.0
0.21666487912470977 0.07902626030476372 0.0
0.22007808745111443 0.0788731983643127 0.0
0.22349099639431097 0.0787143051157501 0.0
0.22690374255287193 0.07854984173001853 0.0
0.23031632162600338 0.07837966404045643 0.0
0.2337286849088775 0.0782034968649225 0.0
0.2371407840163955 0.07802106503482735 0.0
0.2405525696044392 0.07783209333773027 0.0
0.24396399296918564 0.07763630657231628 0.0
0.24737500508658064 0.07743342953330536 0.0
0.25078555725263374 0.07722318702257813 0.0
0.2541956004432907 0.07700530383485456 0.0
0.25760508847076746 0.0767795301320584 0.0
0.26101403206725826 0.0765462175369561 0.0
0.2644225009009019 0.07630632958098267 0.0
0.2678305673680859 0.07606085722394822 0.0
0.27123830322557235 0.07581079140175476 0.0
0.2746457811889752 0.07555712309735116 0.0
0.27805307301564286 0.07530084323545475 0.0
0.2814602507818151 0.0750429427703128 0.0
0.2848673872031896 0.07478441268327643 0.0
0.2882745540377847 0.07452624388628046 0.0
0.29168181443184504 0.0742693103538958 0.0
0.29508920079084816 0.07401408822021932 0.0
0.29849673873468785 0.07376096909397882 0.0
0.3019044545258979 0.07351034455028921 0.0
0.3053123737828651 0.0732626062266388 0.0
0.30872052212900025 0.07301814566464751 0.0
0.31212892550392624 0.07277735448659502 0.0
0.31553760984726587 0.072540624314761 0.0
0.31894660077908066 0.07230834675467766 0.0
0.3223559221138604 0.07208088672080168 0.0
0.3257655692058773 0.07185823502940847 0.0
0.32917551727450084 0.07164010634453702 0.0
0.33258574059412993 0.0714262089039634 0.0
0.33599621311792716 0.07121625096067233 0.0
0.33940690912196647 0.07100994072048376 0.0
0.34281780351809465 0.07080698648662491 0.0
0.346228869625376 0.07060709638271707 0.0
0.3496400826752192 0.07040997872873497 0.0
0.35305141652867533 0.07021534353525133 0.0
0.3564628727782766 0.0700233255022144 0.0
0.35987451635002543 0.06983503367549745 0.0
0.3632864197889056 0.06965171298194055 0.0
0.366698656277349 0.0694746084138349 0.0
0.3701112993173489 0.06930496498021925 0.0
0.37352442145723874 0.06914402754402134 0.0
0.3769380961956622 0.06899304117819222 0.0
0.38035239607927795 0.06885325077761578 0.0
0.38376739492796597 0.06872590140003443 0.0
0.38718314676797994 0.06861248127252727 0.0
0.3905995612575115 0.0685164140069104 0.0
0.3940164778422184 0.06844204717461433 0.0
0.3974337350305297 0.0683937340017684 0.0
0.4008511722945832 0.06837582766887601 0.0
0.4042686287785816 0.06839268149947379 0.0
0.4076859429926288 0.06844864868773495 0.0
0.41110295472339975 0.06854808252677884 0.0
0.4145195028005598 0.06869533622752613 0.0
0.4179354024969797 0.06889475391557906 0.0
0.42134956730560913 0.06915032630869214 0.0
0.42475974011432316 0.06946558632849027 0.0
0.4281635859497993 0.0698440362196164 0.0
0.4315587701482285 0.07028917843519786 0.0
0.4349429580525005 0.07080451530053737 0.0
0.4383138143647075 0.07139354913939883 0.0
0.4416690047439511 0.07205978235774475 0.0
0.44500619421523435 0.07280671723217425 0.0
0.4483230481147482 0.07363785621581465 0.0
0.4516170803310712 0.07455628369469121 0.0
0.45488518462478944 0.07556336130286609 0.0
0.4581240940914264 0.07666000671340856 0.0
0.46133054150861863 0.07784713755068429 0.0
0.46450126028977623 0.07912567153646624 0.0
0.46763298353209726 0.08049652631186759 0.0
0.4707224443311052 0.08196061954995762 0.0
0.47376637578399794 0.08351886889184951 0.0
0.476761511305693 0.08517219203055568 0.0
0.4797045833530932 0.0869215065960636 0.0
