0.47967108834109773 0.08756062949830652 0.0
0.4765790528114968 0.08638148303648249 0.0
0.4735135387773628 0.0851338981828473 0.0
0.47044382125780493 0.0838975324744315 0.0
0.4673543770786406 0.08271082946622635 0.0
0.46424660866741196 0.08157261165869614 0.0
0.4611246939112943 0.08047423945569501 0.0
0.4579929707923115 0.07940409795584168 0.0
0.45485563285134367 0.0783505524471397 0.0
0.45171478689862943 0.07730764903190772 0.0
0.4485711531692157 0.07627321314416852 0.0
0.4454253810047415 0.07524527956257013 0.0
0.4422776680156746 0.0742232876849596 0.0
0.4391279520420549 0.07320748198517889 0.0
0.43597617001181455 0.07219811211242655 0.0
0.43282233028619577 0.07119519584065477 0.0
0.42966654449765007 0.07019841294139266 0.0
0.4265089330571048 0.0692074163127702 0.0
0.423349602526624 0.0682219029886103 0.0
0.4201884924076952 0.0672421163121589 0.0
0.4170254280086605 0.06626866871607874 0.0
0.4138602326682601 0.06530217964355921 0.0
0.4106927360989888 0.06434325086314376 0.0
0.4075228413349172 0.06339226515261137 0.0
0.4043505014719286 0.06244945714674911 0.0
0.40117567038570867 0.06151505882952283 0.0
0.39799830040406226 0.06058930726284771 0.0
0.3948182982783441 0.05967262435267419 0.0
0.39163551287546106 0.058765662154927296 0.0
0.38844979006337854 0.05786908714834556 0.0
0.3852609750726136 0.05698356574621634 0.0
0.3820689281114237 0.056109729257592236 0.0
0.3788735662270278 0.055248072162728146 0.0
0.37567481973939393 0.05439905579909991 0.0
0.3724726199288492 0.05356314152246981 0.0
0.36926689686414904 0.05274079546373545 0.0
0.366057566915156 0.05193260451434798 0.0
0.3628445325217239 0.05113928073626001 0.0
0.3596276948585432 0.0503615419891562 0.0
0.35640695637687525 0.0496001062316674 0.0
0.35318222138945143 0.0488557048182047 0.0
0.34995341145818115 0.04812914351591149 0.0
0.3467204539159133 0.04742125249139742 0.0
0.3434832763916116 0.046732862375405665 0.0
0.3402418060272033 0.046064806977546405 0.0
0.3369959619950791 0.045418157776053104 0.0
0.33374564882534996 0.044794394041707014 0.0
0.3304907698798778 0.0441950356798362 0.0
0.32723122853727227 0.043621602276207296 0.0
0.32396694547183313 0.04307556465494726 0.0
0.3206980002608522 0.04255793572897171 0.0
0.3174245594290025 0.04206947565527737 0.0
0.3141467918718671 0.041610942151601944 0.0
0.3108648655933349 0.04118309160719477 0.0
0.3075789801003399 0.04078661124525753 0.0
0.30428940082948386 0.04042203697210958 0.0
0.30099640195868405 0.04008988464407759 0.0
0.29770025699323976 0.03979067072311608 0.0
0.2944012456694398 0.0395248722632772 0.0
0.29109969149982234 0.03929265073719166 0.0
0.28779593880143894 0.03909401521745525 0.0
0.28449033160527476 0.0389289741207934 0.0
0.2811832150865807 0.03879753848741315 0.0
0.2778749338407976 0.038699834364790096 0.0
0.2745658339082044 0.03863613143286014 0.0
0.2712562615327676 0.03860670771365186 0.0
0.26794656231933095 0.03861184119569887 0.0
0.2646370908485185 0.03865178534368172 0.0
0.2613282256866108 0.03872672726665518 0.0
0.25802034686099806 0.03883684453707298 0.0
0.25471383665274805 0.03898231452505995 0.0
0.25140908114960636 0.0391633397944942 0.0
0.24810648973880345 0.039380222505147375 0.0
0.24480647643759282 0.03963328652886346 0.0
0.24150945549905206 0.03992285735204117 0.0
0.23821586620753074 0.04024935758421871 0.0
0.23492624347778268 0.04061358014734318 0.0
0.2316411445626444 0.04101640533218257 0.0
0.22836112700101885 0.04145871408537525 0.0
0.22508679235842244 0.04194143996984329 0.0
0.22181883945995756 0.04246563565791754 0.0
0.2185579813814045 0.043032369276932214 0.0
0.21530495075258915 0.043642763844826876 0.0
0.21206080653550163 0.04429880822906364 0.0
0.20882686806447862 0.04500318497860674 0.0
0.20560446294633697 0.04575859611004829 0.0
0.2023950521260385 0.04656773684905298 0.0
0.1992003927651676 0.04743328769588506 0.0
0.19602228089153953 0.04835792737447574 0.0
0.19286291755829738 0.04934507035045245 0.0
0.18972576671034408 0.05040042807603086 0.0
0.18661454569379068 0.05153016572723382 0.0
0.183533900977298 0.05274128535751274 0.0
0.18049031126078166 0.05404243942972259 0.0
0.17749091452171042 0.05544297243504018 0.0
0.17454732418404786 0.05695724933179007 0.0
0.17167411468479984 0.0586027534874171 0.0
0.16889507845718776 0.06040229960842763 0.0
0.1662451784313268 0.062385569647286546 0.0
0.16378534559958244 0.06460392713367644 0.0
0.16164697490237873 0.06713579510349504 0.0
0.1602162588254175 0.07010137305340808 0.0
0.1611956712060061 0.07308327296549721 0.0
0.16375424940338926 0.07517423091047284 0.0
0.16666077248842318 0.07675952992467286 0.0
0.16972590049090683 0.07801796771093948 0.0
0.17287031539222558 0.07905274100846571 0.0
0.176064490499425 0.07992105048506835 0.0
0.17929157134078463 0.08065867386197646 0.0
0.18254125620573516 0.08128965473222508 0.0
0.18580628299748858 0.08183272836707259 0.0
0.1890829864735529 0.0823003532644868 0.0
0.19236804880576255 0.0827042249630872 0.0
0.19565940827046419 0.08305234870750446 0.0
0.19895570197189263 0.08335067505231367 0.0
0.20225560324701394 0.08360505628168839 0.0
0.20555821321310136 0.08382020752566344 0.0
0.20886296080646488 0.08399996937647267 0.0
0.2121692844778326 0.08414815985336066 0.0
0.21547669408450695 0.08426816995148163 0.0
0.21878492537030203 0.08436203983671184 0.0
0.2220937597550498 0.08443154344456615 0.0
0.22540297866695602 0.08447845455077868 0.0
0.2287123963836455 0.0845045193324664 0.0
0.23202190916477394 0.08451141767049752 0.0
0.23533142499894208 0.08450081964615584 0.0
0.23864085219263712 0.0844743953894288 0.0
0.24195010862057728 0.08443375474444666 0.0
0.24525916496853772 0.08438019078112881 0.0
0.24856800955043695 0.08431489254942465 0.0
0.2518766310047792 0.08423904902016263 0.0
0.25518501771079816 0.08415384799700246 0.0
0.2584931690880644 0.08406038890829516 0.0
0.26180110298608616 0.08395962740589946 0.0
0.2651088395455257 0.08385250599556758 0.0
0.2684163979483609 0.08373996713280918 0.0
0.2717237976897482 0.0836229472973348 0.0
0.2750310577497131 0.08350218491046299 0.0
0.27833819525515047 0.0833781786079091 0.0
0.28164522743909626 0.08325141277140886 0.0
0.28495217185582256 0.08312237176748939 0.0
0.28825904509086886 0.08299154010417216 0.0
0.29156586656667616 0.08285941541593995 0.0
0.2948726567820139 0.08272651760011668 0.0
0.29817943675921643 0.08259336879249528 0.0
0.30148622784017953 0.08246049114561618 0.0
0.3047930513718232 0.08232840671615138 0.0
0.3080999262888253 0.08219759798829317 0.0
0.3114068641844798 0.08206838181101817 0.0
0.3147138744155198 0.0819410321086237 0.0
0.318020966024811 0.08181582268000866 0.0
0.3213281486923323 0.08169302739591432 0.0
0.3246354313984813 0.0815729212472038 0.0
0.3279428226755303 0.08145580000416465 0.0
0.33125032916339403 0.08134197720239277 0.0
0.3345579577910677 0.08123176697583342 0.0
0.33786571548754707 0.08112548345843186 0.0
0.3411736091816602 0.08102344078732898 0.0
0.3444816445493351 0.08092597089207781 0.0
0.34778982369996325 0.08083346152711934 0.0
0.3510981472118553 0.08074631131862336 0.0
0.35440661630214354 0.08066491893200672 0.0
0.35771523186859977 0.08058968301210406 0.0
0.3610239949415857 0.08052099967378201 0.0
0.36433289809125324 0.08045923080334497 0.0
0.36764192906963733 0.08040471404972009 0.0
0.3709510759746283 0.08035778657687057 0.0
0.3742603262656632 0.08031878550248214 0.0
0.37756966770800765 0.0802880482230284 0.0
0.38087908305852475 0.08026593432887942 0.0
0.38418854691181875 0.08025284298305856 0.0
0.38749803332789445 0.08024917743501071 0.0
0.39080751572729877 0.08025534090707699 0.0
0.39411696784813055 0.08027173667669339 0.0
0.3974263584179658 0.0802988085986753 0.0
0.4007356388910065 0.08033711612143657 0.0
0.40404475932285133 0.08038723926598783 0.0
0.40735366881393154 0.0804497579359893 0.0
0.4106623170781777 0.0805252525575252 0.0
0.41397063906845877 0.08061437732684498 0.0
0.41727854004841824 0.08071794939771165 0.0
0.42058592061764477 0.08083680766158122 0.0
0.42389268169696326 0.08097179099470105 0.0
0.42719872079522514 0.0811237483485574 0.0
0.4305038948199793 0.081293661387607 0.0
0.4338080317577534 0.08148260504652093 0.0
0.4371109594878908 0.0816916563051635 0.0
0.44041250048272307 0.08192191582887799 0.0
0.4437123766380493 0.08217509492810664 0.0
0.44701019940335596 0.08245355102645388 0.0
0.45030557570579677 0.08275967280968724 0.0
0.45359805783648477 0.08309609050236537 0.0
0.4568868077610724 0.08346716527158725 0.0
0.4601708168123281 0.08387801338745914 0.0
0.46344899162670905 0.08433397315171152 0.0
0.4667193627800984 0.08484266924761341 0.0
0.4699794387071896 0.08541308041055676 0.0
0.4732266342009429 0.08605293945240894 0.0
0.4764581737652862 0.08676725731344849 0.0
0.47967108834109773 0.08756062949830652 0.0
