0.5748857624450078 0.15018332737708212 0.0
0.5740270546877382 0.14958121472055938 0.0
0.5729353684886528 0.14881975215881296 0.0
0.5718422433482502 0.14806133082887069 0.0
0.5707476912490053 0.14730599382806764 0.0
0.5696516997858474 0.14655377523905525 0.0
0.56855426774707 0.1458047164004276 0.0
0.5674553817938872 0.14505885396019697 0.0
0.5663550525748957 0.14431623468049964 0.0
0.5652532414300491 0.14357688876002495 0.0
0.5641499585633177 0.14284086418250963 0.0
0.5630451644254031 0.14210819358984378 0.0
0.5619388307937584 0.14137891651338022 0.0
0.5608309552117235 0.1406530777121942 0.0
0.559721471474861 0.13993070704365423 0.0
0.558610375348006 0.13921185415323714 0.0
0.5574976255033552 0.1384965565692347 0.0
0.5563831548472188 0.13778484659221618 0.0
0.5552669447052969 0.13707677552939862 0.0
0.5541489401999037 0.13637238012761316 0.0
0.5530290842302223 0.13567170324169292 0.0
0.5519073201400624 0.1349747865048706 0.0
0.550783590828607 0.1342816727719794 0.0
0.5496578491879123 0.13359241545211625 0.0
0.5485300123512751 0.13290705217239188 0.0
0.5474000327661254 0.13222563756350367 0.0
0.5462678244533765 0.13154821780376513 0.0
0.5451333267552022 0.1308748455208126 0.0
0.5439964519140108 0.13020557177936123 0.0
0.5428571370488452 0.12954045531504943 0.0
0.5417153057288655 0.128879554082055 0.0
0.5405708679733493 0.12822292525309506 0.0
0.5394237573443299 0.12757063733661128 0.0
0.5382738820825801 0.12692275239172246 0.0
0.5371211617556243 0.12627933936701002 0.0
0.5359655272577388 0.1256404741005181 0.0
0.5348068706120566 0.12500622519950724 0.0
0.533645132705727 0.1243766790562855 0.0
0.5324802037833783 0.12375190916451505 0.0
0.5313120351696593 0.1231320112491674 0.0
0.5301405271020713 0.12251706935816867 0.0
0.5289655907002412 0.12190717565050802 0.0
0.5277871728425558 0.12130243806716103 0.0
0.5266051837593898 0.12070295121031771 0.0
0.5254195427847386 0.12010882267963274 0.0
0.5242301819132275 0.1195201632994223 0.0
0.5230370431323554 0.11893709444826647 0.0
0.5218400548797385 0.11835973672328462 0.0
0.5206391582536231 0.11778821394625766 0.0
0.5194342790238682 0.11722265404390744 0.0
0.5182253791637187 0.1166631995033418 0.0
0.5170124079857895 0.11610998958700716 0.0
0.5157953125795645 0.11556316966535196 0.0
0.5145740631326569 0.11502289766614958 0.0
0.5133486049560457 0.11448932384625007 0.0
0.512118918674844 0.11396261546609031 0.0
0.5108849831356597 0.1134429446725088 0.0
0.5096467758512219 0.11293048727714528 0.0
0.508404285661012 0.11242542598110214 0.0
0.5071574996260064 0.1119279483718834 0.0
0.505906427905311 0.11143825459431805 0.0
0.5046510548921451 0.11095653956551256 0.0
0.5033914116206132 0.11048302209562287 0.0
0.5021275155749374 0.11001792021334432 0.0
0.5008593815715825 0.10956145927697467 0.0
0.499587047525143 0.10911387720213661 0.0
0.4983105491270824 0.1086754180124549 0.0
0.4970299307278587 0.10824633995061937 0.0
0.49574524667080333 0.10782691181358381 0.0
0.4944565608474943 0.10741741417416628 0.0
0.49316392048724395 0.10701813537492703 0.0
0.4918674181263713 0.10662939131627708 0.0
0.4905671291943033 0.10625150688997 0.0
0.48926312422957874 0.10588482042536385 0.0
0.4879555041939822 0.10552970069300802 0.0
0.4866443633799053 0.10518653478745794 0.0
0.48532980073709864 0.1048557350167379 0.0
0.48401192986554487 0.1045377494566048 0.0
0.48269086591020216 0.1042330599474872 0.0
0.481366724671752 0.10394218453768612 0.0
0.4800396303763413 0.10366569414564095 0.0
0.4787097152309561 0.10340421378152984 0.0
0.4773771018719036 0.10315843276021279 0.0
0.47604193690044055 0.10292912659122003 0.0
0.4747043606706252 0.10271716396703356 0.0
0.47336451283592845 0.10252352953335522 0.0
0.4720225352280876 0.10234935398897704 0.0
0.4706785702896993 0.10219595640165566 0.0
0.4693327730566938 0.10206488730544756 0.0
0.4679852742633349 0.10195799966132436 0.0
0.4666362279577171 0.10187755749424939 0.0
0.46528576137128436 0.1018263698245963 0.0
0.463933997064898 0.10180801869420394 0.0
0.4625810409419926 0.10182720757845362 0.0
0.46122696563589594 0.10189035436541619 0.0
0.4598717900977551 0.10200663948439716 0.0
0.45851543444289145 0.1021900950534946 0.0
0.4571576066263714 0.10246424931403013 0.0
0.45579748736843295 0.10287486264430953 0.0
0.4549028354316062 0.10325668943362692 0.0
0.4542035013968969 0.10370960612553438 0.0
0.4536803700398321 0.10422665534730244 0.0
0.453314326771171 0.10480087995740724 0.0
0.45308625679400083 0.10542532273873846 0.0
0.45298729513740793 0.10609675710575592 0.0
0.4531734253964055 0.10687195658242131 0.0
0.45393367313223276 0.10785611745493856 0.0
0.45556085997029055 0.10915581849393226 0.0
0.4568486607613643 0.10989322272145341 0.0
0.45813594473486374 0.11050188350740142 0.0
0.45942179079163 0.11102784097657532 0.0
0.4607058068458377 0.11149489823038829 0.0
0.461987817418178 0.11191735003102589 0.0
0.46326774630979434 0.11230463823028075 0.0
0.464545578113543 0.11266343780921355 0.0
0.4658213179239654 0.1129986950048521 0.0
0.46709500637393986 0.1133142359590468 0.0
0.4683666836604561 0.11361310501642367 0.0
0.46963642390668675 0.11389779719670112 0.0
0.4709042753709811 0.11417038445967165 0.0
0.4721703130565562 0.114432637227465 0.0
0.47343460328600534 0.1146860837058275 0.0
0.4746972136384929 0.11493205860081918 0.0
0.47595821133788385 0.11517174555684812 0.0
0.4772176669763878 0.11540620493550023 0.0
0.4784756597054691 0.11563639756308748 0.0
0.47973224715708657 0.11586319135244937 0.0
0.48098749812919656 0.1160873855286413 0.0
0.48224147661710415 0.11630971649298019 0.0
0.48349423931466423 0.11653086468843876 0.0
0.484745845349271 0.11675146586243768 0.0
0.485996354698989 0.11697211541574291 0.0
0.4872458142478424 0.11719336870578641 0.0
0.4884942687124032 0.11741574903556899 0.0
0.48974177267994445 0.11763975258856249 0.0
0.4909883506257323 0.11786584425192714 0.0
0.49223403662895826 0.11809446252625438 0.0
0.4934788818757061 0.11832603692079306 0.0
0.4947228962466883 0.11856095839253764 0.0
0.4959661071741359 0.11879960768553954 0.0
0.49720853520978997 0.11904234643838348 0.0
0.4984501944695279 0.11928951596258698 0.0
0.49969109085485863 0.11954144212900206 0.0
0.5009312351581794 0.11979843737087625 0.0
0.5021706186307671 0.12006079179132889 0.0
0.5034092360809082 0.12032878572067605 0.0
0.5046470989791552 0.12060269171949159 0.0
0.5058841730444275 0.1208827560120991 0.0
0.5071204537631668 0.12116921905614095 0.0
0.5083559144129379 0.12146230630873381 0.0
0.5095905331621934 0.12176222978938986 0.0
0.5108242795203912 0.12206918729855613 0.0
0.5120571252201206 0.12238337052867765 0.0
0.5132890468848584 0.12270495773459494 0.0
0.514519987602453 0.12303410528116013 0.0
0.5157499188943961 0.12337096743134535 0.0
0.5169787900733027 0.123715683447597 0.0
0.5182065548980492 0.12406838037635742 0.0
0.519433182900526 0.12442917993752757 0.0
0.5206586100769942 0.12479818196101991 0.0
0.5218827881967287 0.12517548095020556 0.0
0.5231056599253836 0.12556115841099094 0.0
0.5243271841462527 0.1259552893011406 0.0
0.5255473101943828 0.12635793680255486 0.0
0.5267659796350788 0.12676914743486806 0.0
0.527983124485398 0.12718895594185023 0.0
0.5291987174120464 0.12761739941165337 0.0
0.5304126971014742 0.12805449426404145 0.0
0.5316249944703899 0.1285002402565124 0.0
0.532835591967275 0.12895464760200934 0.0
0.5340444140729744 0.12941769573096307 0.0
0.5352514385786107 0.1298893696428478 0.0
0.5364565966344215 0.13036963044408834 0.0
0.5376598609295442 0.13085843914229053 0.0
0.5388611932709914 0.13135574863399715 0.0
0.5400605476960327 0.13186149515348503 0.0
0.5412579066755822 0.1323756128331511 0.0
0.5424532295824238 0.1328980232480673 0.0
0.5436464933408605 0.1334286377603626 0.0
0.5448376888697031 0.13396736729202613 0.0
0.5460267862127647 0.13451410409972014 0.0
0.5472137834028754 0.13506873955982723 0.0
0.5483986567086147 0.13563114882660393 0.0
0.5495814221589572 0.1362012118418895 0.0
0.5507620622472489 0.13677878665753468 0.0
0.5519405992272312 0.13736373611297303 0.0
0.5531170458043986 0.13795591127177378 0.0
0.5542914186858813 0.1385551522031025 0.0
0.555463736357314 0.13916129408972314 0.0
0.5566340204167152 0.13977416356319677 0.0
0.5578023322224983 0.14039359204266724 0.0
0.5589686869368181 0.14101938583262846 0.0
0.5601331272662206 0.1416513515788953 0.0
0.5612957352330208 0.14228930193646563 0.0
0.5624565340026448 0.14293302122102614 0.0
0.5636156109329223 0.1435823074283699 0.0
0.5647730320620579 0.14423694111056334 0.0
0.5659288534353831 0.14489669226540913 0.0
0.567083182630003 0.14556134134615487 0.0
0.5682360810267635 0.14623064369139827 0.0
0.5693876618050593 0.14690436436222182 0.0
0.5705380159798709 0.14758225329702218 0.0
0.5716872495833275 0.14826405718437538 0.0
0.5728354590993118 0.14894951093699305 0.0
0.5739827679336209 0.14963835151914834 0.0
0.5748857624450078 0.15018332737708212 0.0
