0.47967108834109773 0.08756062949830652 0.0
0.4772459372003154 0.08522314732824414 0.0
0.4748383221554898 0.08286760829222518 0.0
0.4721913116316092 0.0807846993349374 0.0
0.4693302201478615 0.07900724556562072 0.0
0.4663546609404785 0.0774288834026558 0.0
0.4633196313273641 0.07596813872581576 0.0
0.460243493904101 0.07459607559139432 0.0
0.45713629477891793 0.07329588528030684 0.0
0.45400500560165535 0.07205483437781195 0.0
0.4508541438866406 0.07086435127725278 0.0
0.4476871444708659 0.06971748913570108 0.0
0.44450653679418717 0.06860892439806322 0.0
0.4413144127441958 0.06753397231699321 0.0
0.4381122260257032 0.06648937638258884 0.0
0.43490105369752974 0.06547273857334825 0.0
0.43168183268648863 0.06448188289410639 0.0
0.42845531990474206 0.06351503551961925 0.0
0.4252222109976057 0.06257047885524583 0.0
0.4219830823723303 0.06164677722827123 0.0
0.41873842780063586 0.06074267767556818 0.0
0.41548870731113896 0.05985695965646565 0.0
0.4122343031627731 0.05898860866650734 0.0
0.4089755607656529 0.05813668354122873 0.0
0.40571278619062523 0.057300333405044854 0.0
0.402446150847408 0.0564791918787372 0.0
0.39917578209161697 0.055673048378986595 0.0
0.3959018148085163 0.05488164647771655 0.0
0.39262445580478944 0.054104409071452364 0.0
0.3893439368134804 0.05334061972231123 0.0
0.3860604743195307 0.05258958391242702 0.0
0.38277418849886613 0.05185100182443242 0.0
0.3794851250447926 0.05112488815787552 0.0
0.3761933289274402 0.05041126529698788 0.0
0.3728988855790467 0.04970996442559067 0.0
0.36960195587599737 0.04902044717749117 0.0
0.36630270367175183 0.04834213060921312 0.0
0.3630012766334916 0.04767447771310934 0.0
0.3596977543165947 0.047017272837243135 0.0
0.35639218618382007 0.04637043429835122 0.0
0.3530846223370492 0.045733880446665306 0.0
0.3497751206037577 0.04510748004879081 0.0
0.3464637517283011 0.044491026604199416 0.0
0.34315058556198136 0.04388430619545944 0.0
0.33983569444016687 0.04328708196370469 0.0
0.3365191789323138 0.042698945172174305 0.0
0.33320115018598395 0.042119407528694745 0.0
0.329881714824636 0.041547981465311766 0.0
0.3265609222069088 0.040984495570343164 0.0
0.32323871337016546 0.04042942068319199 0.0
0.31991501926205934 0.039883310108222055 0.0
0.3165897766814758 0.03934670944546849 0.0
0.31326293808625305 0.038820091735051826 0.0
0.3099344685383414 0.03830388517528673 0.0
0.3066043360092392 0.03779851747609253 0.0
0.30327247116236805 0.037304700223877524 0.0
0.29993870898655184 0.036823857774654446 0.0
0.2966028858416684 0.03635752895306669 0.0
0.29326485704356464 0.03590725774290691 0.0
0.28992449910370544 0.035474605581179666 0.0
0.28658171124188325 0.03506114695123112 0.0
0.2832364187828036 0.03466846571548677 0.0
0.2798885294712847 0.03429857901009841 0.0
0.27653792509398617 0.03395415214096697 0.0
0.2731845427017922 0.03363791483458554 0.0
0.2698284477354027 0.03335189569598843 0.0
0.2664699231637477 0.03309598426324096 0.0
0.26310927462056816 0.03286966206142535 0.0
0.2597467096240517 0.032673866996572 0.0
0.25638215106098206 0.03251598916075136 0.0
0.2530157126916547 0.03240521221360361 0.0
0.2496479037733879 0.032350051918154765 0.0
0.24627964869240093 0.0323561900397034 0.0
0.24291216581639727 0.032428578088561165 0.0
0.239546898319785 0.032570537746890664 0.0
0.23618523395596464 0.03278123265789521 0.0
0.23282846469581175 0.03305922670996499 0.0
0.22947803139992334 0.03340531159690599 0.0
0.22613574330124986 0.03382279453908531 0.0
0.2228035612908235 0.03431446742780021 0.0
0.21948295797867085 0.034879067042304486 0.0
0.2161750490294303 0.03551382557879488 0.0
0.2128811679402874 0.03621776188248324 0.0
0.20960319418588155 0.036992402649756374 0.0
0.20634315156087754 0.03783933949910113 0.0
0.2031030613427514 0.0387596617889349 0.0
0.1998850965106127 0.03975459083797213 0.0
0.19669259685590565 0.040828427811989906 0.0
0.193529901076456 0.041987105767936156 0.0
0.19040126684760178 0.04323483442459433 0.0
0.1873108457972304 0.04457441563722517 0.0
0.1842644178161131 0.046011237333907315 0.0
0.181269796574164 0.04755312676149727 0.0
0.17833700975103814 0.0492096121863566 0.0
0.17547828314828956 0.05099086438820057 0.0
0.17270707067029706 0.052905428576893204 0.0
0.17004830533201704 0.05497331399558656 0.0
0.16755128988836404 0.05723387280186884 0.0
0.16527912713318046 0.059720321286569525 0.0
0.16328641025334897 0.062435894349646456 0.0
0.16164136176669258 0.06537501765837792 0.0
0.16048273203236713 0.06853818758334804 0.0
0.1600932817511986 0.07188193759645636 0.0
0.16135481014537556 0.07499519195579288 0.0
0.16458641062542687 0.07597616726568034 0.0
0.1679381257395863 0.07628059229315379 0.0
0.17130286209034312 0.07645030550964092 0.0
0.17467076837887255 0.07648363903622743 0.0
0.17803896346991474 0.07645595342896737 0.0
0.18140642731304907 0.07638328348567969 0.0
0.18477273687685158 0.07626855651838967 0.0
0.1881376543826998 0.07611854379451241 0.0
0.19150115561667144 0.07593954592956371 0.0
0.1948631489344527 0.07573416638640618 0.0
0.19822351869832092 0.07550374709609885 0.0
0.2015817850114845 0.07524446367279637 0.0
0.2049370662737152 0.0749490536529539 0.0
0.20828848385214827 0.0746126314609687 0.0
0.21163595336935237 0.07423896547730167 0.0
0.21497975063243305 0.07383374989195092 0.0
0.21832040225888552 0.07340337159912315 0.0
0.22165882060758085 0.07295599805224338 0.0
0.22499607919370807 0.07250005397606807 0.0
0.22833314707103575 0.07204271673608278 0.0
0.23167032590183784 0.07158619114809453 0.0
0.23500774630730092 0.0711314333009746 0.0
0.23834553805647923 0.07067940942890087 0.0
0.24168384997619502 0.07023124184135356 0.0
0.2450228444963296 0.06978819071828864 0.0
0.2483626796094329 0.06935152142253308 0.0
0.25170349910951484 0.06892244618099876 0.0
0.2550453954537121 0.06850184220270276 0.0
0.25838843914314225 0.06809045535156913 0.0
0.26173269357655676 0.06768903249719094 0.0
0.26507821201907267 0.06729828152538193 0.0
0.26842501700134275 0.06691870802019073 0.0
0.27177311907461993 0.0665507526577586 0.0
0.2751225245973389 0.06619485663150053 0.0
0.27847323483337355 0.06585146051535382 0.0
0.28182524536012266 0.06552099721513982 0.0
0.28517854617202876 0.06520389610765406 0.0
0.28853312241484597 0.06490058737303234 0.0
0.29188895401112736 0.06461149691218462 0.0
0.29524600656379807 0.06433694477151963 0.0
0.2986042323134809 0.06407713910477211 0.0
0.3019635811837962 0.06383228336196806 0.0
0.3053240002055637 0.06360258116196735 0.0
0.30868543741568705 0.06338829029852901 0.0
0.312047847308185 0.06318985107347236 0.0
0.3154111813818955 0.06300774259704663 0.0
0.31877538341761363 0.06284244450428914 0.0
0.3221403902833312 0.06269442770449067 0.0
0.3255061247711033 0.06256400368778602 0.0
0.32887250080287 0.06245134136468358 0.0
0.332239428686901 0.062356605226510514 0.0
0.3356068171286344 0.06227995977672492 0.0
0.3389745720161669 0.0622215988194922 0.0
0.342342598040118 0.062181836837692656 0.0
0.34571079440171626 0.062161019685907884 0.0
0.3490790545316619 0.06215949326878194 0.0
0.3524472663460474 0.062177604772102435 0.0
0.35581531095585256 0.062215745630145855 0.0
0.35918306153879365 0.06227436082337699 0.0
0.36255038309765336 0.062353898460705055 0.0
0.36591713167577056 0.06245480640580213 0.0
0.3692831557558681 0.06257753004325073 0.0
0.3726482950876322 0.06272250407794538 0.0
0.37601238063547915 0.06289015964610438 0.0
0.3793752344043813 0.06308092763870887 0.0
0.3827366699450103 0.06329524129148946 0.0
0.3860964860310467 0.06353360179994531 0.0
0.3894544649742858 0.06379657989732618 0.0
0.3928103758371259 0.06408474844237481 0.0
0.3961639748928076 0.06439867975175831 0.0
0.3995149923264715 0.06473906484347414 0.0
0.40286311214042236 0.06510685840785067 0.0
0.4062079909783912 0.06550304802044722 0.0
0.40954925872803405 0.06592861818831304 0.0
0.412886519347627 0.0663845468043941 0.0
0.41621935009327926 0.06687180155015843 0.0
0.4195473006051512 0.06739134510290896 0.0
0.42286988990746965 0.0679441373498107 0.0
0.426186557894344 0.06853141297327557 0.0
0.42949659043683386 0.0691550037971335 0.0
0.4327991946195816 0.06981680810893816 0.0
0.43609350374610656 0.07051873795369167 0.0
0.4393784831665488 0.07126310974857346 0.0
0.44265292477649065 0.07205254747836355 0.0
0.44591550234431077 0.07288966682215914 0.0
0.4491645439316827 0.07377787130988861 0.0
0.45239779111497713 0.07472195398549186 0.0
0.4556126626878114 0.07572683209798345 0.0
0.4588051229688911 0.07680078581580685 0.0
0.46196859134583956 0.07795735370645687 0.0
0.4650948452505478 0.07921103477635315 0.0
0.4681706965353737 0.08058373965493393 0.0
0.4711784165818289 0.08209991963965109 0.0
0.4741003753826135 0.08377543086549599 0.0
0.47692561995292404 0.08560932664333062 0.0
0.47967108834109773 0.08756062949830652 0.0
