0.1451710455 0.2038756109
0.1477629198 0.1931204128
0.1519850002 0.1829274092
0.1577573418 0.1734896037
0.165 0.165
0.1768092257 0.1550082674
0.19035109 0.1467477787
0.2054787127 0.1401087579
0.2220452135 0.1349814292
0.2399037125 0.1312560167
0.2589073294 0.1288227447
0.2789091841 0.1275718371
0.2997623964 0.1273935183
0.3213200861 0.1281780122
0.3434353732 0.1298155431
0.3659613775 0.1321963351
0.3887512189 0.1352106123
0.4116580171 0.1387485989
0.434534892 0.1427005191
0.4572349635 0.1469565968
0.4796113514 0.1514070564
0.5015171757 0.155942122
0.522805556 0.1604520176
0.5433296124 0.1648269675
0.571691378 0.1705331505
0.6020921633 0.1760592406
0.6343121481 0.1814051524
0.6681315119 0.1865708006
0.7033304342 0.1915560998
0.7396890948 0.1963609647
0.7769876732 0.20098531
0.815006349 0.2054290504
0.8535253019 0.2096921005
0.8923247115 0.213774375
0.9311847572 0.2176757885
0.9698856189 0.2213962558
1.008207476 0.2249356915
1.045930508 0.2282940103
1.170258281 0.2397314946
1.322770777 0.2537736951
1.486504674 0.2674641811
1.644496649 0.2778465219
1.77978338 0.2819642867
1.894263007 0.2930514296
2.003481039 0.3194900009
2.110945208 0.3510457152
2.22016324 0.3774842865
2.334642867 0.3885714294
2.003481039 0.5138900009
1.894263007 0.5618514296
1.77978338 0.5819642867
1.64177739 0.5777277964
1.477301028 0.5670623412
1.305827701 0.5530339444
1.146830817 0.5387086294
1.019783785 0.5271524197
0.981532666 0.5237151778
0.9417321646 0.5199547572
0.9007605278 0.5158949203
0.8589960022 0.5115594294
0.8168168344 0.5069720466
0.7746012708 0.5021565343
0.7327275582 0.4971366549
0.6915739429 0.4919361704
0.6515186717 0.4865788434
0.612939991 0.4810884359
0.5762161475 0.4754887103
0.5417253876 0.4698034289
0.5098459579 0.4640563539
0.4809561051 0.4582712477
0.4609322008 0.4534315105
0.4410715272 0.4475114598
0.4214118404 0.4405971816
0.4019908964 0.4327747619
0.3828464512 0.4241302867
0.364016261 0.4147498422
0.3455380819 0.4047195143
0.3274496698 0.3941253891
0.3097887809 0.3830535527
0.2925931712 0.3715900911
0.2759005968 0.3598210903
0.2597488138 0.3478326365
0.2441755782 0.3357108155
0.229218646 0.3235417135
0.2149157734 0.3114114166
0.2013047165 0.2994060107
0.1884232312 0.287611582
0.1763090737 0.2761142164
0.165 0.265
0.1577573418 0.2565103963
0.1519850002 0.2470725908
0.1477629198 0.2368795872
0.1451710455 0.2261243891
0.1442893219 0.215
0.1451710455 0.2038756109
