0.5755646567129494 0.14912536356723102 0.0
0.5744163375574481 0.1484188045005089 0.0
0.5732927009064657 0.1476736171318677 0.0
0.5721887859876178 0.1468995141968512 0.0
0.5710989474620799 0.14610571595133295 0.0
0.5700171197513801 0.14530103430124744 0.0
0.5689370214658324 0.14449403293968024 0.0
0.5678523227255244 0.14369322557993328 0.0
0.5667568054748043 0.14290728317624665 0.0
0.5656445451699575 0.14214522005151953 0.0
0.5645101430467787 0.14141652657919462 0.0
0.5633503685540224 0.1407289322606423 0.0
0.5621675973982639 0.14008169607536147 0.0
0.5609651678995826 0.1394717560845604 0.0
0.559746087197706 0.13889581693551314 0.0
0.558513034942166 0.13835043094563573 0.0
0.5572683843857172 0.13783205949849212 0.0
0.5560142332926332 0.13733711583572325 0.0
0.5547524407184041 0.13686199133734026 0.0
0.5534846660105867 0.13640306733737131 0.0
0.5522124044224996 0.1359567332048818 0.0
0.5509366432019732 0.1355205030351153 0.0
0.549657718532496 0.1350936359970174 0.0
0.5483759026797467 0.1346755311433836 0.0
0.5470914588359173 0.13426557026571054 0.0
0.5458046413760268 0.1338631225113061 0.0
0.5445156952157725 0.13346754500729383 0.0
0.5432248572657739 0.1330781853267179 0.0
0.5419323561046602 0.13269438276682224 0.0
0.5406384129647951 0.13231547020193038 0.0
0.5393432356077547 0.13194079775213222 0.0
0.5380469554005771 0.13156995925820256 0.0
0.5367496560642107 0.13120270189305291 0.0
0.5354514183000504 0.13083877542432865 0.0
0.5341523208523719 0.13047793005558941 0.0
0.5328524401729734 0.1301199162074092 0.0
0.5315518510808864 0.12976448460531356 0.0
0.5302506265491783 0.12941138610534217 0.0
0.5289488383602157 0.129060371794202 0.0
0.5276465566481477 0.1287111927259047 0.0
0.5263438540098123 0.1283635874868628 0.0
0.5250408148340224 0.1280172455411418 0.0
0.5237375261676903 0.12767184410850932 0.0
0.5224340740116434 0.12732705986197737 0.0
0.5211305442845654 0.1269825693201513 0.0
0.5198270224209458 0.12663804881156995 0.0
0.518523594035236 0.12629317455042677 0.0
0.5172203450861357 0.12594762294538306 0.0
0.5159173620099816 0.12560107023308786 0.0
0.5146147311020437 0.12525319645861896 0.0
0.5133124947883165 0.12490384818834065 0.0
0.5120106244179978 0.12455313872829164 0.0
0.5107090848853021 0.12420120330047056 0.0
0.5094078406578275 0.123848177538807 0.0
0.5081068558989393 0.12349419677281862 0.0
0.5068060945010056 0.12313939631639384 0.0
0.5055055200032524 0.12278391131338527 0.0
0.5042050958227466 0.12242787686318286 0.0
0.5029047850788793 0.12207142812284338 0.0
0.50160455236976 0.12171469504639408 0.0
0.5003043780377522 0.12135774912709851 0.0
0.4990042536125946 0.12100062161879381 0.0
0.4977041705264328 0.12064334328326368 0.0
0.4964041205001949 0.12028594484905702 0.0
0.49510409510774994 0.1199284570686698 0.0
0.4938040858203706 0.11957091059638486 0.0
0.492504084221263 0.11921333615904454 0.0
0.4912040818945227 0.11885576448104794 0.0
0.48990407028341076 0.11849822629363879 0.0
0.48860404632755705 0.11814073304587133 0.0
0.48730402937991735 0.11778321446168095 0.0
0.4860040447895801 0.11742557808934545 0.0
0.48470411799311275 0.11706773161689002 0.0
0.4834042745705851 0.11670958271816569 0.0
0.48210453996301084 0.11635103906898167 0.0
0.4808049397492148 0.11599200834660947 0.0
0.479505499878948 0.11563239834949243 0.0
0.4782062459083593 0.11527211681720366 0.0
0.4769072040814301 0.11491107111988978 0.0
0.4756084065380094 0.11454914748770531 0.0
0.4743098960238781 0.1141861957894491 0.0
0.47301171630368005 0.11382206233442799 0.0
0.4717139114289472 0.1134565953043925 0.0
0.47041653049772664 0.11308962597514988 0.0
0.4691197132555167 0.11272066967403742 0.0
0.46782370436844045 0.11234888428413303 0.0
0.4665287580014705 0.11197341413376084 0.0
0.46523513399527655 0.11159341342373152 0.0
0.46394314099849726 0.11120790370042302 0.0
0.4626535180282962 0.11081453893834252 0.0
0.46136738628190826 0.11040990247975536 0.0
0.4600872351199552 0.10998672927067224 0.0
0.45881879823413646 0.10952964192212197 0.0
0.4575688785320608 0.10902409240184141 0.0
0.4563404033736154 0.1084686066490354 0.0
0.4551388281447661 0.10785615012500066 0.0
0.45408111125785894 0.10702141561575025 0.0
0.45343321036473155 0.1058369062237351 0.0
0.45345907005446445 0.10449207609741752 0.0
0.45436334719308474 0.10348888175004195 0.0
0.45553660559729603 0.10282649843802548 0.0
0.45676940162564994 0.10228118002500813 0.0
0.45803436105717366 0.10181422232817944 0.0
0.4593280705328086 0.10143463603705455 0.0
0.46064071724499195 0.10112666058533604 0.0
0.46196528587676167 0.10087491280474839 0.0
0.4632978031673592 0.10066932366207285 0.0
0.4646360389286766 0.10050505075336195 0.0
0.4659782493535134 0.10037724173212724 0.0
0.46732323087828614 0.10028296331153824 0.0
0.46867011911419654 0.1002216782857368 0.0
0.4700180941902342 0.1001929281692662 0.0
0.47136637429993833 0.10019503830860357 0.0
0.47271430379953105 0.10022585180336037 0.0
0.47406136576543884 0.10028319167435273 0.0
0.4754071701325621 0.10036488664974544 0.0
0.47675143385085633 0.10046890018293328 0.0
0.47809387303229334 0.10059428243946579 0.0
0.4794341932378345 0.10074058731167654 0.0
0.4807721188630942 0.10090737623886778 0.0
0.4821073929519538 0.10109420997722787 0.0
0.48343978073605043 0.10130062291119331 0.0
0.48476910264262785 0.10152593848176412 0.0
0.48609522274102074 0.10176939101194156 0.0
0.4874180354434084 0.10203021659963071 0.0
0.48873746388260203 0.10230765529406562 0.0
0.4900534576565762 0.10260095387180675 0.0
0.49136599167333844 0.10290936596968026 0.0
0.4926750645844066 0.10323215372810021 0.0
0.49398069676333006 0.10356858802371235 0.0
0.4952829297168969 0.10391794894680631 0.0
0.4965818022051181 0.10427960357414492 0.0
0.49787729955834054 0.10465316764463169 0.0
0.4991694026157498 0.10503830838627547 0.0
0.5004581006909343 0.1054346929296239 0.0
0.5017433918269844 0.10584198950735688 0.0
0.5030252816413613 0.10625986758722569 0.0
0.5043037838922353 0.10668799821652622 0.0
0.5055789191455042 0.10712605464367828 0.0
0.506850715774529 0.10757371185204109 0.0
0.5081192075712779 0.10803064970239092 0.0
0.5093843990767116 0.10849664780681004 0.0
0.510646255046283 0.10897160382933993 0.0
0.5119047389334554 0.10945542395243882 0.0
0.5131598158242352 0.10994801481441888 0.0
0.5144114520262292 0.11044928349821849 0.0
0.5156596154238967 0.11095913807573281 0.0
0.5169042753343832 0.11147748686362573 0.0
0.5181454022075089 0.11200423886750738 0.0
0.5193829679477869 0.11253930403748212 0.0
0.5206169442365198 0.11308259597767628 0.0
0.5218472937183196 0.11363405198003632 0.0
0.5230739745138389 0.11419362138589008 0.0
0.5242969454546835 0.1147612531036157 0.0
0.5255161659832596 0.11533689626390442 0.0
0.526731595819528 0.11592050037515537 0.0
0.5279431957608832 0.11651201464620584 0.0
0.5291509268822744 0.11711138866360106 0.0
0.5303547508806788 0.1177185718252566 0.0
0.5315546298860235 0.1183335142400413 0.0
0.5327505403303816 0.11895613926512097 0.0
0.5339425017629017 0.11958629132430598 0.0
0.535130544832673 0.12022379992844848 0.0
0.5363147024649138 0.12086849707696126 0.0
0.5374950099723531 0.12152021619161237 0.0
0.5386715049106146 0.12217879289394779 0.0
0.5398442270894444 0.12284406459434884 0.0
0.5410132182839285 0.12351587052526686 0.0
0.54217852231219 0.124194051907846 0.0
0.543340184735379 0.12487845239610064 0.0
0.5444982285755948 0.12556895818475453 0.0
0.5456526399664013 0.12626551956968166 0.0
0.5468034032761966 0.12696809169650958 0.0
0.5479505041312218 0.12767662777534766 0.0
0.549093929766368 0.1283910796373336 0.0
0.5502336690651918 0.12911139762468943 0.0
0.5513697122577945 0.12983753066060438 0.0
0.5525020515627458 0.13056942638603586 0.0
0.553630680249595 0.13130703145486994 0.0
0.5547555716512509 0.13205032335050698 0.0
0.5558760816337129 0.132800204060659 0.0
0.5569908604283562 0.1335585784954016 0.0
0.5580984716341322 0.13432738357417767 0.0
0.5591974149616374 0.13510852839764798 0.0
0.5602861140196685 0.1359038886541127 0.0
0.5613629058423771 0.13671529662377094 0.0
0.5624260324741469 0.1375445285701914 0.0
0.5634736334170451 0.13839328976187884 0.0
0.5645037472214108 0.1392631914775348 0.0
0.5655143783011611 0.1401556533338854 0.0
0.5665065869364893 0.14106855283175146 0.0
0.5674857957154 0.14199538288090138 0.0
0.5684579763790805 0.1429295822270623 0.0
0.5694292265333871 0.143864748951311 0.0
0.5704056573249938 0.14479450512685937 0.0
0.5713932826192559 0.14571236115085817 0.0
0.5723978935975147 0.1466115942895242 0.0
0.5734249031549719 0.14748515888275449 0.0
0.5744791487587382 0.148325652524005 0.0
0.5755646567129494 0.14912536356723102 0.0
